Valor1,Codigo_Operador,Valor2,Resultado
30,0,58,88
28,0,97,125
34,0,22,56
58,0,28,86
4,0,91,95
51,0,4,55
85,0,81,166
91,0,6,97
95,0,68,163
9,0,92,101
33,0,98,131
68,0,37,105
66,0,76,142
90,0,82,172
42,0,70,112
99,0,54,153
51,0,69,120
3,0,7,10
8,0,8,16
42,0,85,127
11,0,55,66
5,0,33,38
75,0,63,138
3,0,72,75
36,0,50,86
60,0,56,116
58,0,95,153
34,0,89,123
69,0,28,97
93,0,34,127
13,0,26,39
91,0,73,164
46,0,4,50
97,0,96,193
74,0,72,146
17,0,38,55
41,0,51,92
44,0,98,142
50,0,16,66
98,0,35,133
21,0,74,95
12,0,59,71
45,0,37,82
78,0,15,93
6,0,24,30
49,0,99,148
82,0,77,159
85,0,20,105
83,0,59,142
59,0,53,112
92,0,31,123
5,0,100,105
14,0,72,86
13,0,93,106
48,0,32,80
19,0,73,92
43,0,79,122
70,0,1,71
94,0,7,101
92,0,46,138
20,0,55,75
76,0,57,133
53,0,33,86
77,0,39,116
14,0,87,101
86,0,11,97
23,0,59,82
84,0,50,134
47,0,65,112
61,0,81,142
85,0,87,172
91,0,12,103
94,0,59,153
38,0,14,52
62,0,20,82
99,0,60,159
15,0,78,93
37,0,90,127
27,0,19,46
70,0,68,138
94,0,74,168
22,0,83,105
31,0,55,86
55,0,61,116
29,0,94,123
53,0,100,153
34,0,95,129
93,0,40,133
91,0,79,170
67,0,73,140
7,0,64,71
31,0,70,101
16,0,36,52
40,0,42,82
38,0,81,119
62,0,87,149
64,0,48,112
17,0,18,35
97,0,26,123
45,0,43,88
67,0,88,155
78,0,21,99
100,0,66,166
13,0,34,47
79,0,3,82
16,0,51,67
25,0,23,48
49,0,29,78
10,0,16,26
32,0,61,93
63,0,45,108
87,0,51,138
89,0,12,101
13,0,99,112
46,0,77,123
15,0,17,32
39,0,23,62
81,0,16,97
18,0,64,82
72,0,1,73
17,0,85,102
23,0,65,88
47,0,71,118
84,0,56,140
56,0,43,99
24,0,47,71
6,0,97,103
46,0,92,138
80,0,49,129
78,0,88,166
57,0,25,82
81,0,31,112
79,0,70,149
39,0,75,114
18,0,79,97
90,0,3,93
89,0,79,168
95,0,4,99
56,0,58,114
9,0,28,37
33,0,34,67
15,0,84,99
39,0,90,129
2,0,4,6
42,0,6,48
66,0,12,78
72,0,68,140
51,0,5,56
70,0,74,144
55,0,67,122
86,0,84,170
2,0,69,71
26,0,75,101
96,0,38,134
33,0,86,119
57,0,92,149
35,0,47,82
34,0,25,59
40,0,48,88
38,0,87,125
62,0,93,155
73,0,26,99
97,0,32,129
95,0,71,166
71,0,65,136
74,0,8,82
11,0,56,67
35,0,62,97
9,0,95,104
96,0,53,149
44,0,34,78
68,0,40,108
42,0,73,115
5,0,21,26
27,0,66,93
51,0,72,123
25,0,29,54
49,0,35,84
71,0,80,151
82,0,13,95
8,0,61,69
32,0,67,99
17,0,26,43
41,0,39,80
65,0,45,110
14,0,8,22
36,0,53,89
73,0,93,166
97,0,99,196
17,0,91,108
52,0,30,82
50,0,69,119
74,0,75,149
19,0,9,28
43,0,15,58
41,0,54,95
85,0,8,93
21,0,77,98
90,0,9,99
88,0,48,136
25,0,96,121
4,0,33,37
28,0,39,67
82,0,80,162
10,0,89,99
50,0,84,134
37,0,11,48
61,0,17,78
59,0,56,115
83,0,62,145
85,0,23,108
20,0,43,63
15,0,90,105
72,0,74,146
30,0,52,82
52,0,97,149
37,0,26,63
19,0,76,95
70,0,4,74
20,0,58,78
29,0,30,59
53,0,36,89
33,0,92,125
57,0,98,155
66,0,70,136
90,0,76,166
30,0,67,97
4,0,100,104
34,0,31,65
58,0,37,95
61,0,84,145
67,0,9,76
91,0,15,106
38,0,17,55
44,0,40,84
68,0,46,114
66,0,85,151
42,0,79,121
75,0,57,132
99,0,63,162
27,0,72,99
51,0,78,129
60,0,50,110
67,0,24,91
31,0,58,89
82,0,19,101
65,0,51,116
3,0,81,84
14,0,14,28
12,0,53,65
36,0,59,95
60,0,65,125
34,0,98,132
69,0,37,106
67,0,76,143
93,0,43,136
13,0,35,48
46,0,13,59
74,0,81,155
5,0,94,99
21,0,83,104
54,0,61,115
23,0,1,24
47,0,7,54
45,0,46,91
78,0,24,102
6,0,33,39
39,0,11,50
61,0,23,84
59,0,62,121
83,0,68,151
94,0,1,95
92,0,40,132
77,0,33,110
14,0,81,95
63,0,48,111
89,0,15,104
48,0,41,89
46,0,80,126
15,0,20,35
19,0,82,101
70,0,10,80
92,0,55,147
76,0,66,142
55,0,3,58
53,0,42,95
29,0,36,65
62,0,14,76
86,0,20,106
23,0,68,91
84,0,59,143
2,0,5,7
6,0,100,106
33,0,22,55
57,0,28,85
37,0,84,121
61,0,90,151
85,0,96,181
91,0,21,112
70,0,62,132
94,0,68,162
55,0,55,110
77,0,100,177
38,0,23,61
62,0,29,91
71,0,1,72
95,0,7,102
70,0,77,147
31,0,64,95
55,0,70,125
64,0,42,106
86,0,87,173
2,0,72,74
32,0,3,35
69,0,43,112
93,0,49,142
91,0,88,179
7,0,73,80
18,0,6,24
16,0,45,61
40,0,51,91
38,0,90,128
73,0,29,102
17,0,27,44
1,0,38,39
50,0,5,55
74,0,11,85
21,0,89,110
54,0,67,121
87,0,45,132
6,0,39,45
78,0,30,108
39,0,17,56
73,0,94,167
16,0,60,76
25,0,32,57
1,0,53,54
10,0,25,35
8,0,64,72
63,0,54,117
87,0,60,147
48,0,47,95
46,0,86,132
15,0,26,41
81,0,25,106
18,0,73,91
79,0,64,143
72,0,10,82
17,0,94,111
52,0,33,85
19,0,12,31
86,0,26,112
90,0,67,157
23,0,74,97
89,0,73,162
56,0,52,108
80,0,58,138
33,0,28,61
57,0,34,91
81,0,40,121
39,0,84,123
66,0,6,72
90,0,12,102
88,0,51,139
4,0,36,40
10,0,92,102
71,0,7,78
95,0,13,108
26,0,69,95
9,0,37,46
15,0,93,108
42,0,15,57
66,0,21,87
3,0,2,5
27,0,8,35
51,0,14,65
2,0,78,80
11,0,50,61
35,0,56,91
96,0,47,143
33,0,95,128
68,0,34,102
34,0,34,68
67,0,12,79
40,0,57,97
38,0,96,134
73,0,35,108
97,0,41,138
95,0,80,175
71,0,74,145
50,0,11,61
74,0,17,91
11,0,65,76
96,0,62,158
44,0,43,87
42,0,82,124
5,0,30,35
21,0,19,40
27,0,75,102
3,0,69,72
25,0,38,63
82,0,22,104
10,0,31,41
8,0,70,78
32,0,76,108
43,0,9,52
83,0,4,87
41,0,48,89
65,0,54,119
98,0,32,130
5,0,45,50
14,0,17,31
12,0,56,68
93,0,96,189
17,0,100,117
52,0,39,91
50,0,78,128
74,0,84,158
19,0,18,37
98,0,97,195
85,0,17,102
83,0,56,139
76,0,2,78
21,0,86,107
23,0,4,27
90,0,18,108
6,0,36,42
4,0,42,46
10,0,98,108
37,0,20,57
61,0,26,87
59,0,65,124
43,0,76,119
94,0,4,98
92,0,43,135
22,0,13,35
20,0,52,72
77,0,36,113
72,0,83,155
99,0,5,104
30,0,61,91
28,0,100,128
58,0,31,89
94,0,69,163
19,0,85,104
91,0,9,100
20,0,67,87
55,0,6,61
29,0,39,68
90,0,85,175
30,0,76,106
34,0,40,74
37,0,87,124
67,0,18,85
91,0,24,115
22,0,80,102
7,0,9,16
95,0,60,155
44,0,49,93
42,0,88,130
66,0,94,160
75,0,66,141
27,0,81,108
3,0,75,78
51,0,87,138
54,0,3,57
60,0,59,119
58,0,98,156
31,0,67,98
14,0,23,37
12,0,62,74
36,0,68,104
47,0,1,48
45,0,40,85
69,0,46,115
67,0,85,152
13,0,44,57
46,0,22,68
18,0,9,27
16,0,48,64
1,0,41,42
21,0,92,113
54,0,70,124
23,0,10,33
84,0,1,85
89,0,9,98
6,0,42,48
15,0,14,29
39,0,20,59
59,0,71,130
94,0,10,104
92,0,49,141
77,0,42,119
14,0,90,104
56,0,53,109
47,0,68,115
63,0,57,120
26,0,5,31
24,0,44,68
48,0,50,98
46,0,89,135
72,0,63,135
15,0,29,44
81,0,28,109
76,0,75,151
31,0,6,37
29,0,45,74
53,0,51,104
62,0,23,85
86,0,29,115
84,0,68,152
2,0,14,16
81,0,93,174
9,0,25,34
33,0,31,64
61,0,99,160
94,0,77,171
38,0,32,70
71,0,10,81
26,0,72,98
11,0,1,12
3,0,5,8
27,0,11,38
7,0,67,74
31,0,73,104
55,0,79,134
71,0,75,146
64,0,51,115
62,0,90,152
8,0,6,14
32,0,12,44
96,0,50,146
46,0,28,74
18,0,15,33
97,0,94,191
79,0,6,85
40,0,60,100
16,0,54,70
49,0,32,81
1,0,47,48
17,0,36,53
73,0,38,111
50,0,14,64
44,0,96,140
78,0,39,117
39,0,26,65
25,0,41,66
10,0,34,44
8,0,73,81
43,0,12,55
63,0,63,126
24,0,50,74
48,0,56,104
46,0,95,141
81,0,34,115
79,0,73,152
18,0,82,100
43,0,77,120
28,0,36,64
52,0,42,94
76,0,55,131
98,0,100,198
9,0,31,40
33,0,37,70
57,0,43,100
42,0,9,51
66,0,15,81
90,0,21,111
51,0,8,59
4,0,45,49
37,0,23,60
22,0,16,38
26,0,78,104
42,0,24,66
75,0,2,77
27,0,17,44
51,0,23,74
3,0,11,14
30,0,64,94
58,0,34,92
2,0,87,89
11,0,59,70
9,0,98,107
35,0,65,100
96,0,56,152
75,0,67,142
68,0,43,111
66,0,82,148
60,0,60,120
21,0,13,34
58,0,99,157
51,0,75,126
93,0,38,131
36,0,4,40
91,0,77,168
50,0,20,70
21,0,28,49
3,0,78,81
5,0,39,44
54,0,6,60
78,0,19,97
100,0,64,164
82,0,31,113
8,0,79,87
43,0,18,61
59,0,7,66
65,0,63,128
98,0,41,139
69,0,99,168
14,0,26,40
47,0,4,51
30,0,3,33
28,0,42,70
52,0,48,100
50,0,87,137
85,0,26,111
83,0,65,148
47,0,69,116
80,0,47,127
78,0,86,164
37,0,29,66
61,0,35,96
70,0,7,77
94,0,13,107
20,0,61,81
22,0,22,44
53,0,39,92
77,0,45,122
26,0,8,34
30,0,70,100
60,0,1,61
7,0,3,10
31,0,9,40
29,0,48,77
62,0,26,88
67,0,27,94
22,0,89,111
64,0,52,116
62,0,91,153
100,0,5,105
97,0,30,127
95,0,69,164
27,0,90,117
54,0,12,66
100,0,70,170
13,0,38,51
46,0,16,62
7,0,70,77
49,0,33,82
82,0,11,93
32,0,65,97
65,0,43,108
14,0,32,46
12,0,71,83
47,0,10,57
45,0,49,94
46,0,31,77
79,0,9,88
97,0,97,194
1,0,50,51
54,0,79,133
84,0,10,94
78,0,92,170
89,0,18,107
87,0,57,144
79,0,74,153
6,0,51,57
15,0,23,38
39,0,29,68
49,0,100,149
25,0,94,119
72,0,7,79
82,0,78,160
10,0,87,97
89,0,83,172
14,0,99,113
47,0,77,124
2,0,8,10
26,0,14,40
24,0,53,77
66,0,16,82
72,0,72,144
29,0,54,83
86,0,38,124
57,0,96,153
35,0,1,36
9,0,34,43
90,0,74,164
51,0,11,62
67,0,7,74
95,0,75,170
71,0,19,90
9,0,99,108
2,0,75,77
26,0,81,107
68,0,44,112
66,0,83,149
42,0,77,119
32,0,6,38
99,0,61,160
51,0,76,127
3,0,14,17
31,0,82,113
17,0,30,47
8,0,15,23
74,0,14,88
11,0,62,73
34,0,96,130
69,0,35,104
18,0,24,42
16,0,63,79
49,0,41,90
1,0,56,57
50,0,23,73
32,0,73,105
98,0,42,140
83,0,1,84
88,0,2,90
82,0,84,166
17,0,97,114
85,0,27,112
83,0,66,149
10,0,43,53
19,0,15,34
14,0,79,93
19,0,80,99
43,0,86,129
30,0,6,36
28,0,45,73
70,0,8,78
4,0,39,43
76,0,64,140
53,0,40,93
86,0,18,104
84,0,57,141
33,0,46,79
66,0,24,90
51,0,17,68
61,0,88,149
91,0,19,110
85,0,94,179
94,0,66,160
99,0,67,166
3,0,20,23
37,0,97,134
27,0,26,53
60,0,4,64
34,0,37,71
70,0,75,145
100,0,6,106
31,0,62,93
55,0,68,123
7,0,6,13
35,0,74,109
21,0,22,43
51,0,84,135
67,0,80,147
12,0,7,19
91,0,86,177
93,0,47,140
16,0,43,59
38,0,88,126
5,0,48,53
3,0,87,90
45,0,50,95
67,0,95,162
36,0,65,101
78,0,28,106
100,0,73,173
13,0,41,54
20,0,3,23
89,0,19,108
63,0,52,115
87,0,58,145
23,0,7,30
46,0,84,130
15,0,24,39
18,0,71,89
52,0,57,109
23,0,72,95
47,0,78,125
56,0,50,106
80,0,56,136
78,0,95,173
39,0,82,121
90,0,10,100
37,0,38,75
70,0,16,86
22,0,31,53
20,0,70,90
55,0,9,64
89,0,86,175
53,0,48,101
95,0,11,106
56,0,65,121
15,0,91,106
2,0,11,13
72,0,75,147
70,0,81,151
7,0,12,19
86,0,91,177
38,0,29,67
2,0,76,78
35,0,54,89
33,0,93,126
57,0,99,156
40,0,55,95
38,0,94,132
62,0,100,162
73,0,33,106
71,0,72,143
95,0,78,173
97,0,39,136
74,0,15,89
25,0,36,61
49,0,42,91
71,0,87,158
82,0,20,102
8,0,68,76
32,0,74,106
17,0,33,50
41,0,46,87
65,0,52,117
17,0,98,115
73,0,100,173
52,0,37,89
50,0,76,126
74,0,82,156
19,0,16,35
85,0,15,100
80,0,62,142
88,0,55,143
10,0,96,106
82,0,87,169
37,0,18,55
59,0,63,122
43,0,74,117
94,0,2,96
20,0,50,70
15,0,97,112
2,0,17,19
26,0,23,49
81,0,96,177
24,0,62,86
72,0,81,153
57,0,40,97
99,0,3,102
19,0,83,102
66,0,77,143
9,0,43,52
96,0,1,97
90,0,83,173
11,0,4,15
42,0,21,63
34,0,38,72
58,0,44,102
27,0,14,41
61,0,91,152
67,0,16,83
91,0,22,113
22,0,78,100
95,0,84,179
44,0,47,91
42,0,86,128
66,0,92,158
68,0,53,121
75,0,64,139
99,0,70,169
51,0,85,136
27,0,79,106
60,0,57,117
58,0,96,154
82,0,26,108
65,0,58,123
74,0,23,97
98,0,36,134
12,0,60,72
36,0,66,102
21,0,25,46
45,0,38,83
69,0,44,113
93,0,50,143
67,0,83,150
74,0,88,162
59,0,4,63
21,0,90,111
54,0,68,122
23,0,8,31
6,0,40,46
39,0,18,57
82,0,93,175
61,0,30,91
59,0,69,128
83,0,75,158
94,0,8,102
92,0,47,139
19,0,24,43
76,0,58,134
77,0,40,117
20,0,6,26
14,0,88,102
24,0,42,66
19,0,89,108
85,0,88,173
4,0,48,52
30,0,15,45
76,0,73,149
29,0,43,72
53,0,49,102
62,0,21,83
86,0,27,113
23,0,75,98
84,0,66,150
90,0,89,179
37,0,91,128
61,0,97,158
70,0,69,139
94,0,75,169
38,0,30,68
71,0,8,79
95,0,14,109
75,0,70,145
99,0,76,175
3,0,29,32
91,0,80,171
70,0,84,154
31,0,71,102
55,0,77,132
64,0,49,113
86,0,94,180
8,0,4,12
69,0,50,119
93,0,56,149
91,0,95,186
67,0,89,156
100,0,67,167
7,0,80,87
18,0,13,31
16,0,52,68
40,0,58,98
38,0,97,135
1,0,45,46
73,0,36,109
54,0,74,128
87,0,52,139
78,0,37,115
13,0,50,63
39,0,24,63
72,0,2,74
25,0,39,64
10,0,32,42
8,0,71,79
43,0,10,53
14,0,94,108
63,0,61,124
47,0,72,119
87,0,67,154
80,0,50,130
48,0,54,102
46,0,93,139
81,0,32,113
79,0,71,150
18,0,80,98
72,0,17,89
86,0,33,119
23,0,81,104
84,0,72,156
89,0,80,169
56,0,59,115
80,0,65,145
33,0,35,68
57,0,41,98
39,0,91,130
15,0,85,100
66,0,13,79
90,0,19,109
88,0,58,146
51,0,6,57
94,0,81,175
10,0,99,109
71,0,14,85
89,0,95,184
95,0,20,115
26,0,76,102
9,0,44,53
15,0,100,115
81,0,99,180
42,0,22,64
27,0,15,42
58,0,32,90
7,0,21,28
86,0,100,186
62,0,94,156
97,0,33,130
95,0,72,167
2,0,85,87
11,0,57,68
96,0,54,150
35,0,63,98
9,0,96,105
68,0,41,109
90,0,86,176
73,0,42,115
71,0,81,152
97,0,48,145
95,0,87,182
82,0,14,96
50,0,18,68
74,0,24,98
11,0,72,83
96,0,69,165
8,0,12,20
42,0,89,131
44,0,50,94
5,0,37,42
3,0,76,79
27,0,82,109
25,0,45,70
10,0,38,48
8,0,77,85
82,0,29,111
74,0,76,150
32,0,83,115
43,0,16,59
41,0,55,96
59,0,5,64
65,0,61,126
98,0,39,137
12,0,63,75
79,0,77,156
18,0,86,104
52,0,46,98
50,0,85,135
74,0,91,165
19,0,25,44
41,0,70,111
85,0,24,109
83,0,63,146
76,0,9,85
39,0,97,136
90,0,25,115
88,0,64,152
4,0,49,53
37,0,27,64
61,0,33,94
59,0,72,131
43,0,83,126
70,0,5,75
94,0,11,105
92,0,50,142
22,0,20,42
20,0,59,79
77,0,43,120
14,0,91,105
75,0,6,81
99,0,12,111
30,0,68,98
58,0,38,96
19,0,92,111
91,0,16,107
7,0,1,8
31,0,7,38
29,0,46,75
35,0,69,104
68,0,47,115
66,0,86,152
90,0,92,182
51,0,79,130
30,0,83,113
34,0,47,81
37,0,94,131
67,0,25,92
91,0,31,122
22,0,87,109
100,0,3,103
44,0,56,100
42,0,95,137
75,0,73,148
27,0,88,115
3,0,82,85
99,0,79,178
54,0,10,64
36,0,60,96
60,0,66,126
93,0,44,137
7,0,68,75
31,0,74,105
65,0,67,132
98,0,45,143
14,0,30,44
12,0,69,81
36,0,75,111
47,0,8,55
45,0,47,92
13,0,51,64
67,0,92,159
69,0,53,122
46,0,29,75
79,0,7,86
50,0,91,141
85,0,30,115
83,0,69,152
21,0,99,120
54,0,77,131
23,0,17,40
84,0,8,92
89,0,16,105
80,0,1,81
6,0,49,55
15,0,21,36
39,0,27,66
43,0,89,132
59,0,78,137
94,0,17,111
92,0,56,148
77,0,49,126
14,0,97,111
47,0,75,122
63,0,64,127
26,0,12,38
24,0,51,75
48,0,57,105
46,0,96,142
81,0,35,116
85,0,97,182
76,0,82,158
29,0,52,81
62,0,30,92
86,0,36,122
23,0,84,107
84,0,75,159
95,0,8,103
9,0,32,41
33,0,38,71
37,0,100,137
70,0,78,148
22,0,93,115
100,0,9,109
94,0,84,178
55,0,71,126
38,0,39,77
71,0,17,88
26,0,79,105
32,0,4,36
60,0,72,132
7,0,74,81
31,0,80,111
55,0,86,141
40,0,52,92
64,0,58,122
62,0,97,159
8,0,13,21
32,0,19,51
74,0,12,86
96,0,57,153
45,0,53,98
69,0,59,128
67,0,98,165
78,0,31,109
100,0,76,176
18,0,22,40
16,0,61,77
40,0,67,107
79,0,13,92
49,0,39,88
73,0,45,118
1,0,54,55
17,0,43,60
50,0,21,71
54,0,83,137
89,0,22,111
87,0,61,148
56,0,1,57
78,0,46,124
39,0,33,72
72,0,11,83
25,0,48,73
10,0,41,51
8,0,80,88
19,0,13,32
43,0,19,62
41,0,58,99
47,0,81,128
63,0,70,133
80,0,59,139
48,0,63,111
24,0,57,81
57,0,35,92
81,0,41,122
79,0,80,159
18,0,89,107
30,0,4,34
28,0,43,71
52,0,49,101
84,0,81,165
89,0,89,178
56,0,68,124
9,0,38,47
33,0,44,77
15,0,94,109
39,0,100,139
57,0,50,107
42,0,16,58
66,0,22,88
90,0,28,118
88,0,67,155
72,0,78,150
51,0,15,66
71,0,23,94
26,0,85,111
42,0,31,73
75,0,9,84
27,0,24,51
3,0,18,21
30,0,71,101
34,0,35,69
58,0,41,99
60,0,2,62
64,0,64,128
11,0,66,77
35,0,72,107
96,0,63,159
44,0,44,88
68,0,50,118
66,0,89,155
21,0,20,41
51,0,82,133
12,0,5,17
49,0,45,94
73,0,51,124
71,0,90,161
82,0,23,105
50,0,27,77
32,0,77,109
83,0,5,88
65,0,55,120
5,0,46,51
3,0,85,88
27,0,91,118
54,0,13,67
13,0,39,52
82,0,38,120
8,0,86,94
74,0,85,159
19,0,19,38
59,0,14,73
41,0,64,105
43,0,25,68
65,0,70,135
76,0,3,79
20,0,1,21
98,0,48,146
14,0,33,47
12,0,72,84
47,0,11,58
81,0,47,128
18,0,95,113
30,0,10,40
28,0,49,77
52,0,55,107
50,0,94,144
61,0,27,88
85,0,33,118
83,0,72,155
59,0,66,125
66,0,28,94
88,0,73,161
99,0,6,105
37,0,36,73
61,0,42,103
43,0,92,135
19,0,86,105
70,0,14,84
22,0,29,51
76,0,70,146
20,0,68,88
94,0,20,114
31,0,1,32
55,0,7,62
53,0,46,99
77,0,52,129
75,0,15,90
30,0,77,107
34,0,41,75
58,0,47,105
60,0,8,68
67,0,19,86
91,0,25,116
7,0,10,17
31,0,16,47
29,0,55,84
62,0,33,95
68,0,56,124
66,0,95,161
51,0,88,139
67,0,34,101
22,0,96,118
100,0,12,112
55,0,74,129
32,0,7,39
5,0,52,57
3,0,91,94
27,0,97,124
75,0,82,157
54,0,19,73
36,0,69,105
60,0,75,135
100,0,77,177
13,0,45,58
93,0,53,146
91,0,92,183
46,0,23,69
7,0,77,84
21,0,93,114
12,0,78,90
23,0,11,34
63,0,6,69
45,0,56,101
47,0,17,64
78,0,34,112
46,0,38,84
6,0,43,49
73,0,98,171
79,0,16,95
18,0,25,43
85,0,39,124
1,0,57,58
54,0,86,140
78,0,99,177
84,0,17,101
89,0,25,114
87,0,64,151
56,0,4,60
6,0,58,64
15,0,30,45
39,0,36,75
72,0,14,86
70,0,20,90
94,0,26,120
20,0,74,94
92,0,65,157
55,0,13,68
89,0,90,179
77,0,58,135
53,0,52,105
86,0,30,116
23,0,78,101
47,0,84,131
2,0,15,17
26,0,21,47
24,0,60,84
57,0,38,95
7,0,16,23
38,0,33,71
62,0,39,101
86,0,45,131
71,0,11,82
95,0,17,112
11,0,2,13
35,0,8,43
9,0,41,50
33,0,47,80
90,0,81,171
51,0,18,69
70,0,87,157
100,0,18,118
55,0,80,135
71,0,26,97
2,0,82,84
8,0,7,15
26,0,88,114
32,0,13,45
87,0,3,90
3,0,21,24
7,0,83,90
31,0,89,120
16,0,55,71
40,0,61,101
64,0,67,131
38,0,100,138
17,0,37,54
97,0,45,142
8,0,22,30
50,0,15,65
74,0,21,95
11,0,69,80
18,0,31,49
16,0,70,86
79,0,22,101
25,0,42,67
49,0,48,97
1,0,63,64
10,0,35,45
50,0,30,80
32,0,80,112
59,0,2,61
83,0,8,91
89,0,31,120
87,0,70,157
15,0,36,51
39,0,42,81
82,0,91,173
88,0,9,97
72,0,20,92
10,0,50,60
19,0,22,41
43,0,28,71
20,0,4,24
24,0,66,90
57,0,44,101
81,0,50,131
79,0,89,168
90,0,22,112
30,0,13,43
28,0,52,80
4,0,46,50
89,0,98,187
56,0,77,133
11,0,8,19
9,0,47,56
33,0,53,86
42,0,25,67
66,0,31,97
72,0,87,159
27,0,18,45
51,0,24,75
99,0,9,108
94,0,73,167
22,0,32,54
55,0,10,65
2,0,88,90
26,0,94,120
99,0,74,173
3,0,27,30
36,0,5,41
34,0,44,78
60,0,11,71
7,0,13,20
74,0,27,101
11,0,75,86
96,0,72,168
41,0,6,47
35,0,81,116
44,0,53,97
68,0,59,127
42,0,92,134
21,0,29,50
5,0,40,45
27,0,85,112
51,0,91,142
67,0,87,154
12,0,14,26
91,0,93,184
71,0,99,170
59,0,8,67
83,0,14,97
21,0,44,65
5,0,55,60
3,0,94,97
14,0,27,41
36,0,72,108
13,0,48,61
74,0,94,168
19,0,28,47
43,0,34,77
41,0,73,114
20,0,10,30
76,0,12,88
92,0,1,93
21,0,96,117
84,0,5,89
23,0,14,37
4,0,52,56
28,0,58,86
37,0,30,67
61,0,36,97
85,0,42,127
59,0,75,134
94,0,14,108
20,0,62,82
23,0,79,102
56,0,57,113
39,0,89,128
37,0,45,82
19,0,95,114
70,0,23,93
22,0,38,60
20,0,77,97
31,0,10,41
29,0,49,78
53,0,55,108
55,0,16,71
2,0,18,20
30,0,86,116
36,0,11,47
58,0,56,114
91,0,34,125
7,0,19,26
31,0,25,56
86,0,98,184
38,0,36,74
73,0,40,113
16,0,6,22
95,0,85,180
71,0,79,150
32,0,16,48
3,0,100,103
60,0,84,144
87,0,6,93
13,0,54,67
93,0,62,155
46,0,32,78
18,0,19,37
17,0,40,57
23,0,20,43
47,0,26,73
45,0,65,110
24,0,2,26
6,0,52,58
80,0,4,84
78,0,43,121
39,0,30,69
80,0,69,149
89,0,34,123
63,0,67,130
26,0,15,41
48,0,60,108
88,0,62,150
15,0,39,54
43,0,81,124
77,0,67,144
23,0,87,110
2,0,24,26
26,0,30,56
24,0,69,93
72,0,88,160
33,0,41,74
57,0,47,104
35,0,2,37
40,0,3,43
38,0,42,80
62,0,48,110
95,0,26,121
11,0,11,22
9,0,50,59
96,0,8,104
90,0,90,180
42,0,28,70
27,0,21,48
95,0,91,186
2,0,91,93
8,0,16,24
44,0,54,98
32,0,22,54
42,0,93,135
75,0,71,146
27,0,86,113
60,0,64,124
7,0,92,99
40,0,70,110
17,0,46,63
65,0,65,130
50,0,24,74
74,0,30,104
98,0,43,141
41,0,9,50
21,0,32,53
45,0,45,90
25,0,51,76
74,0,95,169
1,0,72,73
10,0,44,54
8,0,83,91
59,0,11,70
82,0,100,182
59,0,76,135
30,0,7,37
52,0,52,104
94,0,15,109
92,0,54,146
19,0,31,50
77,0,47,124
20,0,13,33
81,0,59,140
19,0,96,115
85,0,95,180
4,0,55,59
30,0,22,52
76,0,80,156
62,0,28,90
9,0,56,65
42,0,34,76
68,0,1,69
66,0,40,106
99,0,18,117
51,0,33,84
37,0,98,135
27,0,27,54
60,0,5,65
70,0,76,146
94,0,82,176
31,0,13,44
99,0,83,182
3,0,36,39
12,0,8,20
36,0,14,50
34,0,53,87
67,0,31,98
31,0,78,109
64,0,56,120
11,0,84,95
44,0,62,106
21,0,38,59
27,0,94,121
69,0,57,126
93,0,63,156
67,0,96,163
54,0,16,70
100,0,74,174
83,0,23,106
5,0,64,69
14,0,36,50
12,0,75,87
78,0,44,122
63,0,3,66
13,0,57,70
46,0,35,81
76,0,21,97
63,0,68,131
47,0,79,126
80,0,57,137
48,0,61,109
46,0,100,146
84,0,14,98
81,0,39,120
79,0,78,157
6,0,55,61
61,0,45,106
86,0,40,126
23,0,88,111
84,0,79,163
89,0,87,176
56,0,66,122
80,0,72,152
15,0,92,107
39,0,98,137
66,0,20,86
94,0,88,182
31,0,19,50
29,0,58,87
71,0,21,92
55,0,25,80
26,0,83,109
2,0,27,29
30,0,95,125
7,0,28,35
95,0,79,174
40,0,6,46
11,0,64,75
96,0,61,157
65,0,1,66
68,0,48,116
100,0,80,180
31,0,86,117
73,0,49,122
97,0,55,152
95,0,94,189
71,0,88,159
83,0,3,86
8,0,19,27
63,0,9,72
87,0,15,102
13,0,63,76
48,0,2,50
46,0,41,87
25,0,52,77
18,0,28,46
16,0,67,83
82,0,36,118
8,0,84,92
32,0,90,122
74,0,83,157
10,0,45,55
43,0,23,66
41,0,62,103
65,0,68,133
1,0,60,61
76,0,1,77
98,0,46,144
18,0,93,111
88,0,6,94
52,0,53,105
50,0,92,142
85,0,31,116
83,0,70,153
56,0,72,128
48,0,69,117
90,0,32,122
72,0,82,154
88,0,71,159
15,0,48,63
19,0,84,103
43,0,90,133
2,0,33,35
35,0,11,46
33,0,50,83
75,0,13,88
99,0,19,118
30,0,75,105
58,0,45,103
85,0,98,183
91,0,23,114
35,0,76,111
68,0,54,122
66,0,93,159
90,0,99,189
11,0,20,31
51,0,86,137
3,0,24,27
67,0,32,99
100,0,10,110
71,0,94,165
32,0,31,63
65,0,9,74
27,0,95,122
75,0,80,155
99,0,86,185
36,0,67,103
60,0,73,133
12,0,11,23
93,0,51,144
17,0,55,72
50,0,33,83
98,0,52,150
83,0,11,94
14,0,37,51
12,0,76,88
47,0,15,62
45,0,54,99
69,0,60,129
67,0,99,166
82,0,94,176
50,0,98,148
83,0,76,159
20,0,7,27
54,0,84,138
84,0,15,99
89,0,23,112
87,0,62,149
15,0,28,43
43,0,96,139
52,0,61,113
94,0,24,118
92,0,63,155
76,0,74,150
77,0,56,133
47,0,82,129
61,0,98,159
4,0,64,68
76,0,89,165
37,0,42,79
29,0,59,88
22,0,35,57
62,0,37,99
86,0,43,129
84,0,82,166
95,0,15,110
70,0,85,155
22,0,100,122
100,0,16,116
94,0,91,185
55,0,78,133
16,0,1,17
71,0,24,95
32,0,11,43
75,0,86,161
60,0,79,139
93,0,57,150
91,0,96,187
7,0,81,88
31,0,87,118
55,0,93,148
40,0,59,99
64,0,65,129
21,0,47,68
45,0,60,105
69,0,66,135
54,0,25,79
78,0,38,116
100,0,83,183
79,0,20,99
16,0,68,84
18,0,29,47
49,0,46,95
1,0,61,62
32,0,78,110
54,0,90,144
89,0,29,118
87,0,68,155
56,0,8,64
39,0,40,79
88,0,7,95
72,0,18,90
19,0,20,39
53,0,6,59
47,0,88,135
63,0,77,140
24,0,64,88
48,0,70,118
80,0,66,146
57,0,42,99
81,0,48,129
79,0,87,166
18,0,96,114
84,0,88,172
89,0,96,185
56,0,75,131
96,0,3,99
35,0,12,47
33,0,51,84
26,0,27,53
42,0,23,65
66,0,29,95
90,0,35,125
72,0,85,157
88,0,74,162
99,0,7,106
51,0,22,73
70,0,91,161
94,0,97,191
71,0,30,101
26,0,92,118
3,0,25,28
36,0,3,39
34,0,42,76
64,0,71,135
71,0,82,153
97,0,49,146
16,0,9,25
95,0,88,183
1,0,2,3
96,0,70,166
35,0,79,114
11,0,73,84
41,0,4,45
44,0,51,95
68,0,57,125
66,0,96,162
21,0,27,48
51,0,89,140
100,0,89,189
49,0,52,101
73,0,58,131
71,0,97,168
82,0,30,112
50,0,34,84
32,0,84,116
83,0,12,95
65,0,62,127
5,0,53,58
3,0,92,95
82,0,45,127
8,0,93,101
74,0,92,166
43,0,32,75
41,0,71,112
65,0,77,142
20,0,8,28
76,0,10,86
98,0,55,153
79,0,93,172
28,0,56,84
52,0,62,114
61,0,34,95
59,0,73,132
83,0,79,162
85,0,40,125
66,0,35,101
72,0,91,163
88,0,80,168
99,0,13,112
37,0,43,80
19,0,93,112
43,0,99,142
70,0,21,91
22,0,36,58
20,0,75,95
76,0,77,153
55,0,14,69
53,0,53,106
2,0,42,44
90,0,93,183
75,0,22,97
30,0,84,114
60,0,15,75
58,0,54,112
34,0,48,82
67,0,26,93
91,0,32,123
68,0,63,131
42,0,96,138
99,0,80,179
51,0,95,146
3,0,33,36
69,0,2,71
67,0,41,108
70,0,88,158
100,0,19,119
55,0,81,136
75,0,89,164
3,0,98,101
54,0,26,80
36,0,76,112
60,0,82,142
87,0,4,91
69,0,54,123
93,0,60,153
91,0,99,190
46,0,30,76
7,0,84,91
74,0,98,172
76,0,16,92
98,0,61,159
21,0,100,121
12,0,85,97
23,0,18,41
47,0,24,71
45,0,63,108
69,0,69,138
80,0,2,82
78,0,41,119
6,0,50,56
85,0,46,131
83,0,85,168
59,0,79,138
92,0,57,149
14,0,98,112
54,0,93,147
20,0,16,36
84,0,24,108
89,0,32,121
87,0,71,158
63,0,65,128
56,0,11,67
6,0,65,71
48,0,58,106
15,0,37,52
39,0,43,82
72,0,21,93
19,0,99,118
70,0,27,97
76,0,83,159
92,0,72,164
55,0,20,75
53,0,59,112
77,0,65,142
86,0,37,123
23,0,85,108
47,0,91,138
84,0,76,160
2,0,22,24
26,0,28,54
24,0,67,91
57,0,45,102
91,0,38,129
94,0,85,179
64,0,7,71
38,0,40,78
62,0,46,108
86,0,52,138
71,0,18,89
95,0,24,119
9,0,48,57
70,0,94,164
94,0,100,194
100,0,25,125
31,0,81,112
55,0,87,142
71,0,33,104
2,0,89,91
26,0,95,121
32,0,20,52
87,0,10,97
93,0,66,159
7,0,90,97
31,0,96,127
16,0,62,78
40,0,68,108
64,0,74,138
17,0,44,61
97,0,52,149
50,0,22,72
74,0,28,102
11,0,76,87
41,0,7,48
45,0,69,114
80,0,8,88
78,0,47,125
100,0,92,192
79,0,29,108
16,0,77,93
18,0,38,56
88,0,1,89
25,0,49,74
49,0,55,104
1,0,70,71
82,0,33,115
8,0,81,89
32,0,87,119
10,0,42,52
59,0,9,68
89,0,38,127
87,0,77,164
63,0,71,134
15,0,43,58
18,0,90,108
24,0,8,32
72,0,27,99
88,0,16,104
19,0,29,48
43,0,35,78
76,0,13,89
23,0,91,114
47,0,97,144
56,0,69,125
80,0,75,155
24,0,73,97
57,0,51,108
81,0,57,138
79,0,96,175
90,0,29,119
4,0,53,57
28,0,59,87
61,0,37,98
95,0,30,125
56,0,84,140
11,0,15,26
9,0,54,63
33,0,60,93
42,0,32,74
66,0,38,104
72,0,94,166
27,0,25,52
51,0,31,82
99,0,16,115
2,0,95,97
96,0,64,160
35,0,73,108
65,0,4,69
75,0,25,100
3,0,34,37
12,0,6,18
36,0,12,48
34,0,51,85
58,0,57,115
60,0,18,78
40,0,74,114
73,0,52,125
97,0,58,155
95,0,97,192
74,0,34,108
11,0,82,93
35,0,88,123
96,0,79,175
44,0,60,104
42,0,99,141
68,0,66,134
5,0,47,52
21,0,36,57
27,0,92,119
51,0,98,149
25,0,55,80
49,0,61,110
82,0,39,121
8,0,87,95
32,0,93,125
59,0,15,74
83,0,21,104
65,0,71,136
41,0,65,106
5,0,62,67
14,0,34,48
36,0,79,115
63,0,1,64
13,0,55,68
35,0,5,40
52,0,56,108
50,0,95,145
19,0,35,54
43,0,41,84
85,0,34,119
41,0,80,121
76,0,19,95
92,0,8,100
77,0,1,78
84,0,12,96
23,0,21,44
6,0,53,59
4,0,59,63
28,0,65,93
37,0,37,74
61,0,43,104
59,0,82,141
85,0,49,134
83,0,88,171
94,0,21,115
20,0,69,89
99,0,22,121
37,0,52,89
70,0,30,100
22,0,45,67
20,0,84,104
31,0,17,48
55,0,23,78
29,0,56,85
53,0,62,115
30,0,93,123
36,0,18,54
34,0,57,91
58,0,63,121
67,0,35,102
91,0,41,132
93,0,2,95
7,0,26,33
40,0,4,44
64,0,10,74
38,0,43,81
44,0,66,110
68,0,72,140
99,0,89,188
27,0,98,125
60,0,76,136
45,0,5,50
67,0,50,117
31,0,84,115
8,0,17,25
14,0,40,54
12,0,79,91
36,0,85,121
60,0,91,151
47,0,18,65
87,0,13,100
45,0,57,102
63,0,7,70
69,0,63,132
93,0,69,162
13,0,61,74
46,0,39,85
7,0,93,100
18,0,26,44
54,0,87,141
23,0,27,50
47,0,33,80
45,0,72,117
84,0,18,102
56,0,5,61
80,0,11,91
78,0,50,128
46,0,54,100
6,0,59,65
24,0,9,33
39,0,37,76
79,0,32,111
61,0,49,110
83,0,94,177
94,0,27,121
77,0,59,136
63,0,74,137
89,0,41,130
26,0,22,48
24,0,61,85
48,0,67,115
15,0,46,61
70,0,36,106
76,0,92,168
29,0,62,91
53,0,68,121
62,0,40,102
86,0,46,132
23,0,94,117
84,0,85,169
2,0,31,33
26,0,37,63
24,0,76,100
11,0,3,14
35,0,9,44
33,0,48,81
57,0,54,111
40,0,10,50
38,0,49,87
62,0,55,117
71,0,27,98
95,0,33,128
11,0,18,29
96,0,15,111
9,0,57,66
42,0,35,77
27,0,28,55
31,0,90,121
55,0,96,151
64,0,68,132
2,0,98,100
8,0,23,31
32,0,29,61
41,0,1,42
65,0,7,72
7,0,99,106
18,0,32,50
16,0,71,87
40,0,77,117
1,0,64,65
73,0,55,128
17,0,53,70
50,0,31,81
74,0,37,111
98,0,50,148
41,0,16,57
80,0,17,97
78,0,56,134
16,0,86,102
88,0,10,98
25,0,58,83
28,0,1,29
10,0,51,61
8,0,90,98
32,0,96,128
43,0,29,72
59,0,18,77
20,0,5,25
63,0,80,143
87,0,86,173
48,0,73,121
15,0,52,67
81,0,51,132
18,0,99,117
72,0,36,108
30,0,14,44
52,0,59,111
19,0,38,57
80,0,84,164
35,0,15,50
33,0,54,87
57,0,60,117
81,0,66,147
57,0,89,146
66,0,32,98
90,0,38,128
88,0,77,165
51,0,25,76
30,0,29,59
28,0,68,96
4,0,62,66
22,0,33,55
95,0,39,134
9,0,63,72
44,0,2,46
42,0,41,83
66,0,47,113
68,0,8,76
3,0,28,31
99,0,25,124
27,0,34,61
51,0,40,91
75,0,19,94
60,0,12,72
58,0,51,109
31,0,20,51
35,0,82,117
65,0,13,78
99,0,90,189
68,0,60,128
12,0,15,27
36,0,21,57
34,0,60,94
67,0,38,105
97,0,67,164
50,0,37,87
74,0,43,117
11,0,91,102
96,0,88,184
83,0,15,98
44,0,69,113
5,0,56,61
21,0,45,66
3,0,95,98
54,0,23,77
100,0,81,181
10,0,57,67
82,0,48,130
59,0,24,83
83,0,30,113
65,0,80,145
92,0,2,94
98,0,58,156
5,0,71,76
14,0,43,57
12,0,82,94
63,0,10,73
13,0,64,77
48,0,3,51
46,0,42,88
52,0,65,117
19,0,44,63
85,0,43,128
83,0,82,165
76,0,28,104
53,0,4,57
80,0,64,144
84,0,21,105
23,0,30,53
6,0,62,68
4,0,68,72
37,0,46,83
61,0,52,113
59,0,91,150
70,0,24,94
94,0,30,124
20,0,78,98
92,0,69,161
22,0,39,61
84,0,86,170
55,0,17,72
89,0,94,183
77,0,62,139
99,0,31,130
94,0,95,189
20,0,93,113
7,0,20,27
31,0,26,57
55,0,32,87
29,0,65,94
64,0,4,68
2,0,34,36
12,0,21,33
34,0,66,100
69,0,5,74
67,0,44,111
91,0,50,141
93,0,11,104
100,0,22,122
7,0,35,42
16,0,7,23
40,0,13,53
95,0,86,181
38,0,52,90
54,0,29,83
87,0,7,94
6,0,1,7
7,0,87,94
31,0,93,124
71,0,95,166
8,0,26,34
14,0,49,63
36,0,94,130
63,0,16,79
87,0,22,109
13,0,70,83
69,0,72,141
24,0,3,27
48,0,9,57
46,0,48,94
79,0,26,105
18,0,35,53
16,0,74,90
17,0,56,73
1,0,67,68
54,0,96,150
84,0,27,111
23,0,36,59
89,0,35,124
56,0,14,70
18,0,100,118
6,0,68,74
15,0,40,55
39,0,46,85
88,0,13,101
63,0,83,146
26,0,31,57
24,0,70,94
48,0,76,124
88,0,78,166
15,0,55,70
72,0,89,161
81,0,54,135
19,0,91,110
31,0,32,63
86,0,55,141
84,0,94,178
2,0,40,42
11,0,12,23
96,0,9,105
9,0,51,60
33,0,57,90
35,0,18,53
16,0,13,29
38,0,58,96
71,0,36,107
97,0,3,100
26,0,98,124
68,0,61,129
11,0,27,38
32,0,23,55
66,0,100,166
44,0,5,49
51,0,93,144
99,0,78,177
3,0,31,34
27,0,37,64
8,0,32,40
32,0,38,70
74,0,31,105
96,0,76,172
41,0,10,51
65,0,16,81
12,0,18,30
18,0,41,59
16,0,80,96
40,0,86,126
1,0,73,74
17,0,62,79
73,0,64,137
52,0,1,53
50,0,40,90
98,0,59,157
83,0,18,101
5,0,59,64
88,0,19,107
25,0,67,92
4,0,4,8
83,0,83,166
10,0,60,70
8,0,99,107
43,0,38,81
41,0,77,118
20,0,14,34
30,0,23,53
28,0,62,90
52,0,68,120
76,0,81,157
92,0,70,162
29,0,1,30
23,0,83,106
35,0,24,59
57,0,69,126
90,0,47,137
51,0,34,85
4,0,71,75
34,0,2,36
37,0,49,86
22,0,42,64
20,0,81,101
44,0,11,55
42,0,50,92
3,0,37,40
27,0,43,70
75,0,28,103
30,0,90,120
36,0,15,51
70,0,92,162
60,0,21,81
100,0,23,123
58,0,60,118
55,0,85,140
7,0,23,30
75,0,93,168
60,0,86,146
21,0,39,60
12,0,24,36
93,0,64,157
36,0,30,66
45,0,2,47
13,0,6,19
40,0,66,106
1,0,3,4
21,0,54,75
5,0,65,70
54,0,32,86
78,0,45,123
100,0,90,190
6,0,4,10
59,0,33,92
92,0,11,103
54,0,97,151
20,0,20,40
89,0,36,125
87,0,75,162
14,0,52,66
77,0,4,81
47,0,30,77
39,0,47,86
24,0,6,30
48,0,12,60
72,0,25,97
29,0,7,36
47,0,95,142
80,0,73,153
57,0,49,106
37,0,55,92
61,0,61,122
22,0,48,70
20,0,87,107
94,0,39,133
55,0,26,81
77,0,71,148
56,0,82,138
26,0,34,60
72,0,92,164
7,0,29,36
31,0,35,66
29,0,74,103
40,0,7,47
64,0,13,77
62,0,52,114
26,0,99,125
64,0,78,142
97,0,56,153
95,0,95,190
16,0,16,32
1,0,9,10
44,0,58,102
100,0,96,196
7,0,96,103
49,0,59,108
73,0,65,138
82,0,37,119
32,0,91,123
65,0,69,134
63,0,25,88
24,0,12,36
48,0,18,66
46,0,57,103
79,0,35,114
18,0,44,62
74,0,99,173
1,0,76,77
41,0,78,119
76,0,17,93
56,0,23,79
79,0,100,179
6,0,77,83
57,0,5,62
39,0,55,94
72,0,33,105
61,0,41,102
59,0,80,139
26,0,40,66
24,0,79,103
66,0,42,108
72,0,98,170
88,0,87,175
57,0,57,114
99,0,20,119
19,0,100,119
76,0,84,160
11,0,21,32
96,0,18,114
35,0,27,62
9,0,60,69
90,0,100,190
75,0,29,104
68,0,5,73
60,0,22,82
58,0,61,119
51,0,37,88
67,0,33,100
91,0,39,130
73,0,6,79
68,0,70,138
75,0,81,156
99,0,87,186
5,0,1,6
3,0,40,43
8,0,41,49
11,0,88,99
41,0,19,60
75,0,96,171
36,0,83,119
60,0,89,149
69,0,61,130
93,0,67,160
28,0,4,32
52,0,10,62
50,0,49,99
98,0,68,166
59,0,21,80
83,0,27,110
54,0,85,139
23,0,25,48
45,0,70,115
56,0,3,59
80,0,9,89
78,0,48,126
6,0,57,63
83,0,92,175
10,0,69,79
20,0,23,43
63,0,72,135
53,0,1,54
30,0,32,62
28,0,71,99
70,0,34,104
58,0,2,60
92,0,79,171
76,0,90,166
53,0,66,119
77,0,72,149
86,0,44,130
84,0,83,167
47,0,98,145
23,0,92,115
80,0,76,156
91,0,45,136
94,0,92,186
38,0,47,85
62,0,53,115
71,0,25,96
95,0,31,126
99,0,93,192
5,0,7,12
27,0,52,79
60,0,30,90
100,0,32,132
93,0,8,101
31,0,88,119
55,0,94,149
7,0,32,39
93,0,73,166
12,0,33,45
45,0,11,56
7,0,97,104
16,0,69,85
40,0,75,115
64,0,81,145
73,0,53,126
97,0,59,156
95,0,98,193
45,0,76,121
80,0,15,95
78,0,54,132
100,0,99,199
13,0,67,80
79,0,36,115
88,0,8,96
25,0,56,81
10,0,49,59
82,0,40,122
8,0,88,96
63,0,78,141
87,0,84,171
89,0,45,134
77,0,13,90
15,0,50,65
18,0,97,115
24,0,15,39
72,0,34,106
23,0,98,121
56,0,76,132
24,0,80,104
80,0,82,162
57,0,58,115
81,0,64,145
90,0,36,126
88,0,75,163
95,0,37,132
56,0,91,147
9,0,61,70
2,0,37,39
42,0,39,81
66,0,45,111
75,0,17,92
99,0,23,122
27,0,32,59
60,0,10,70
35,0,80,115
12,0,13,25
40,0,81,121
73,0,59,132
97,0,65,162
71,0,98,169
16,0,25,41
74,0,41,115
11,0,89,100
1,0,18,19
96,0,86,182
44,0,67,111
68,0,73,141
98,0,4,102
27,0,99,126
25,0,62,87
49,0,68,117
82,0,46,128
32,0,100,132
17,0,59,76
59,0,22,81
83,0,28,111
65,0,78,143
41,0,72,113
14,0,41,55
81,0,5,86
52,0,63,115
19,0,42,61
43,0,48,91
4,0,1,5
28,0,7,35
85,0,41,126
41,0,87,128
76,0,26,102
80,0,88,168
84,0,19,103
9,0,2,11
88,0,81,169
33,0,8,41
28,0,72,100
37,0,44,81
61,0,50,111
85,0,56,141
43,0,100,143
83,0,95,178
59,0,89,148
94,0,28,122
20,0,76,96
99,0,29,128
31,0,24,55
29,0,63,92
86,0,47,133
11,0,30,41
30,0,100,130
36,0,25,61
34,0,64,98
58,0,70,128
69,0,3,72
93,0,9,102
91,0,48,139
67,0,42,109
16,0,5,21
44,0,73,117
75,0,90,165
99,0,96,195
5,0,10,15
60,0,83,143
100,0,35,135
13,0,3,16
31,0,91,122
82,0,52,134
65,0,84,149
98,0,62,160
12,0,86,98
36,0,92,128
60,0,98,158
21,0,51,72
63,0,14,77
87,0,20,107
13,0,68,81
93,0,76,169
69,0,70,139
45,0,64,109
48,0,7,55
46,0,46,92
47,0,25,72
18,0,33,51
54,0,94,148
84,0,25,109
47,0,40,87
23,0,34,57
89,0,33,122
45,0,79,124
56,0,12,68
80,0,18,98
78,0,57,135
6,0,66,72
39,0,44,83
61,0,56,117
59,0,95,154
94,0,34,128
92,0,73,165
77,0,66,143
20,0,32,52
29,0,4,33
89,0,48,137
63,0,81,144
24,0,68,92
48,0,74,122
15,0,53,68
76,0,99,175
29,0,69,98
53,0,75,128
62,0,47,109
86,0,53,139
84,0,92,176
2,0,38,40
56,0,79,135
96,0,7,103
35,0,16,51
33,0,55,88
70,0,95,165
40,0,17,57
38,0,56,94
62,0,62,124
71,0,34,105
95,0,40,135
97,0,1,98
13,0,9,22
31,0,97,128
64,0,75,139
49,0,4,53
8,0,30,38
32,0,36,68
35,0,83,118
41,0,8,49
65,0,14,79
69,0,76,145
93,0,82,175
100,0,93,193
18,0,39,57
16,0,78,94
40,0,84,124
64,0,90,154
73,0,62,135
17,0,60,77
1,0,71,72
50,0,38,88
87,0,78,165
56,0,18,74
80,0,24,104
78,0,63,141
39,0,50,89
88,0,17,105
25,0,65,90
49,0,71,120
72,0,28,100
10,0,58,68
82,0,49,131
8,0,97,105
43,0,36,79
65,0,81,146
20,0,12,32
63,0,87,150
87,0,93,180
48,0,80,128
81,0,58,139
79,0,97,176
72,0,43,115
30,0,21,51
52,0,66,118
19,0,45,64
86,0,59,145
84,0,98,182
56,0,85,141
80,0,91,171
33,0,61,94
57,0,67,124
66,0,39,105
90,0,45,135
88,0,84,172
51,0,32,83
4,0,69,73
37,0,47,84
22,0,40,62
71,0,40,111
95,0,46,141
44,0,9,53
42,0,48,90
66,0,54,120
75,0,26,101
99,0,32,131
51,0,47,98
27,0,41,68
60,0,19,79
58,0,58,116
17,0,1,18
35,0,89,124
11,0,83,94
65,0,20,85
96,0,80,176
68,0,67,135
12,0,22,34
36,0,28,64
34,0,67,101
69,0,6,75
67,0,45,112
73,0,68,141
97,0,74,171
50,0,44,94
74,0,50,124
11,0,98,109
83,0,22,105
44,0,76,120
21,0,52,73
5,0,63,68
54,0,30,84
25,0,71,96
82,0,55,137
10,0,64,74
43,0,42,85
59,0,31,90
41,0,81,122
52,0,7,59
65,0,87,152
92,0,9,101
76,0,20,96
98,0,65,163
77,0,2,79
14,0,50,64
12,0,89,101
52,0,72,124
19,0,51,70
41,0,96,137
85,0,50,135
4,0,10,14
83,0,89,172
76,0,35,111
29,0,5,34
53,0,11,64
84,0,28,112
56,0,15,71
90,0,51,141
88,0,90,178
4,0,75,79
37,0,53,90
61,0,59,120
59,0,98,157
70,0,31,101
94,0,37,131
20,0,85,105
92,0,76,168
22,0,46,68
55,0,24,79
77,0,69,146
75,0,32,107
99,0,38,137
30,0,94,124
60,0,25,85
58,0,64,122
93,0,3,96
91,0,42,133
70,0,46,116
20,0,100,120
7,0,27,34
31,0,33,64
29,0,72,101
55,0,39,94
53,0,78,131
64,0,11,75
35,0,95,130
34,0,73,107
69,0,12,81
93,0,18,111
91,0,57,148
67,0,51,118
100,0,29,129
16,0,14,30
40,0,20,60
38,0,59,97
1,0,7,8
71,0,37,108
44,0,82,126
75,0,99,174
54,0,36,90
36,0,86,122
60,0,92,152
87,0,14,101
93,0,70,163
7,0,94,101
31,0,100,131
92,0,15,107
14,0,56,70
12,0,95,107
63,0,23,86
47,0,34,81
13,0,77,90
69,0,79,148
87,0,29,116
80,0,12,92
48,0,16,64
46,0,55,101
45,0,73,118
18,0,42,60
79,0,33,112
16,0,81,97
1,0,74,75
84,0,34,118
23,0,43,66
89,0,42,131
87,0,81,168
56,0,21,77
80,0,27,107
6,0,75,81
57,0,3,60
39,0,53,92
15,0,47,62
88,0,20,108
94,0,43,137
92,0,82,174
77,0,75,152
63,0,90,153
26,0,38,64
24,0,77,101
48,0,83,131
15,0,62,77
81,0,61,142
29,0,78,107
64,0,17,81
62,0,56,118
86,0,62,148
95,0,34,129
2,0,47,49
11,0,19,30
35,0,25,60
96,0,16,112
9,0,58,67
33,0,64,97
68,0,3,71
55,0,97,152
16,0,20,36
38,0,65,103
73,0,4,77
97,0,10,107
71,0,43,114
32,0,30,62
3,0,38,41
7,0,100,107
40,0,78,118
64,0,84,148
25,0,7,32
8,0,39,47
32,0,45,77
74,0,38,112
96,0,83,179
41,0,17,58
65,0,23,88
98,0,1,99
79,0,39,118
16,0,87,103
40,0,93,133
18,0,48,66
49,0,65,114
17,0,69,86
1,0,80,81
73,0,71,144
28,0,2,30
52,0,8,60
50,0,47,97
32,0,97,129
74,0,53,127
83,0,25,108
5,0,66,71
56,0,27,83
78,0,72,150
39,0,59,98
72,0,37,109
25,0,74,99
88,0,26,114
4,0,11,15
10,0,67,77
19,0,39,58
43,0,45,88
41,0,84,125
59,0,34,93
20,0,21,41
63,0,96,159
77,0,5,82
24,0,83,107
48,0,89,137
57,0,61,118
81,0,67,148
30,0,30,60
28,0,69,97
52,0,75,127
76,0,88,164
85,0,53,138
56,0,94,150
35,0,31,66
33,0,70,103
9,0,64,73
96,0,22,118
57,0,76,133
42,0,42,84
66,0,48,114
90,0,54,144
88,0,93,181
68,0,9,77
51,0,41,92
4,0,78,82
34,0,9,43
37,0,56,93
22,0,49,71
20,0,88,108
71,0,49,120
42,0,57,99
5,0,5,10
3,0,44,47
27,0,50,77
75,0,35,110
30,0,97,127
36,0,22,58
34,0,61,95
60,0,28,88
58,0,67,125
93,0,6,99
7,0,30,37
11,0,92,103
96,0,89,185
41,0,23,64
75,0,100,175
35,0,98,133
44,0,70,114
68,0,76,144
98,0,7,105
21,0,46,67
12,0,31,43
36,0,37,73
45,0,9,54
69,0,15,84
73,0,77,150
50,0,53,103
83,0,31,114
21,0,61,82
5,0,72,77
54,0,39,93
87,0,17,104
13,0,65,78
6,0,11,17
82,0,64,146
43,0,51,94
41,0,90,131
65,0,96,161
76,0,29,105
20,0,27,47
98,0,74,172
92,0,18,110
53,0,5,58
77,0,11,88
14,0,59,73
12,0,98,110
47,0,37,84
24,0,13,37
30,0,36,66
28,0,75,103
52,0,81,133
61,0,53,114
59,0,92,151
83,0,98,181
85,0,59,144
29,0,14,43
80,0,80,160
84,0,37,121
37,0,62,99
61,0,68,129
70,0,40,110
94,0,46,140
20,0,94,114
22,0,55,77
76,0,96,172
31,0,27,58
55,0,33,88
53,0,72,125
77,0,78,155
38,0,1,39
26,0,41,67
75,0,41,116
60,0,34,94
58,0,73,131
93,0,12,105
91,0,51,142
7,0,36,43
31,0,42,73
29,0,81,110
40,0,14,54
64,0,20,84
62,0,59,121
11,0,22,33
45,0,15,60
69,0,21,90
67,0,60,127
100,0,38,138
55,0,100,155
97,0,63,160
16,0,23,39
49,0,1,50
1,0,16,17
32,0,33,65
5,0,78,83
54,0,45,99
63,0,17,80
87,0,23,110
13,0,71,84
93,0,79,172
46,0,49,95
10,0,3,13
23,0,37,60
47,0,43,90
45,0,82,127
63,0,32,95
80,0,21,101
6,0,69,75
78,0,60,138
46,0,64,110
24,0,19,43
48,0,25,73
81,0,3,84
18,0,51,69
79,0,42,121
1,0,83,84
28,0,5,33
84,0,43,127
89,0,51,140
87,0,90,177
56,0,30,86
6,0,84,90
48,0,77,125
33,0,6,39
15,0,56,71
39,0,62,101
72,0,40,112
94,0,52,146
77,0,84,161
2,0,41,43
26,0,47,73
24,0,86,110
35,0,19,54
57,0,64,121
30,0,33,63
58,0,3,61
64,0,26,90
62,0,65,127
86,0,71,157
97,0,4,101
95,0,43,138
11,0,28,39
96,0,25,121
9,0,67,76
35,0,34,69
33,0,73,106
44,0,6,50
68,0,12,80
51,0,44,95
25,0,1,26
49,0,7,56
73,0,13,86
71,0,52,123
8,0,33,41
32,0,39,71
65,0,17,82
99,0,94,193
75,0,88,163
5,0,8,13
3,0,47,50
13,0,1,14
64,0,93,157
17,0,63,80
97,0,71,168
8,0,48,56
52,0,2,54
74,0,47,121
11,0,95,106
50,0,41,91
41,0,26,67
18,0,57,75
16,0,96,112
79,0,48,127
49,0,74,123
1,0,89,90
28,0,11,39
10,0,61,71
52,0,17,69
50,0,56,106
98,0,75,173
59,0,28,87
83,0,34,117
88,0,35,123
83,0,99,182
10,0,76,86
19,0,48,67
43,0,54,97
20,0,30,50
53,0,8,61
81,0,76,157
4,0,72,76
30,0,39,69
28,0,78,106
34,0,3,37
76,0,97,173
58,0,9,67
84,0,90,174
11,0,34,45
9,0,73,82
33,0,79,112
44,0,12,56
68,0,18,86
66,0,57,123
27,0,44,71
99,0,35,134
51,0,50,101
94,0,99,193
22,0,58,80
55,0,36,91
99,0,100,199
3,0,53,56
12,0,25,37
36,0,31,67
60,0,37,97
34,0,70,104
100,0,39,139
13,0,7,20
93,0,15,108
69,0,9,78
7,0,39,46
68,0,85,153
98,0,16,114
21,0,55,76
93,0,80,173
12,0,40,52
45,0,18,63
6,0,5,11
85,0,1,86
83,0,40,123
5,0,81,86
14,0,53,67
36,0,98,134
78,0,61,139
80,0,22,102
63,0,20,83
13,0,74,87
6,0,20,26
48,0,13,61
92,0,27,119
29,0,8,37
53,0,14,67
87,0,91,178
77,0,20,97
63,0,85,148
23,0,40,63
84,0,31,115
15,0,57,72
24,0,22,46
85,0,68,153
56,0,83,139
80,0,89,169
62,0,1,63
9,0,3,12
37,0,71,108
70,0,49,119
22,0,64,86
31,0,36,67
29,0,75,104
53,0,81,134
95,0,44,139
55,0,42,97
2,0,44,46
7,0,45,52
31,0,51,82
16,0,17,33
40,0,23,63
64,0,29,93
38,0,62,100
1,0,10,11
35,0,87,122
45,0,24,69
73,0,66,139
97,0,72,169
16,0,32,48
25,0,4,29
49,0,10,59
1,0,25,26
8,0,36,44
32,0,42,74
87,0,32,119
13,0,80,93
48,0,19,67
49,0,75,124
18,0,45,63
82,0,53,135
17,0,66,83
65,0,85,150
47,0,52,99
24,0,28,52
57,0,6,63
81,0,12,93
85,0,48,133
28,0,14,42
4,0,8,12
89,0,60,149
9,0,9,18
33,0,15,48
15,0,65,80
88,0,88,176
2,0,50,52
26,0,56,82
24,0,95,119
35,0,28,63
33,0,67,100
57,0,73,130
99,0,36,135
34,0,6,40
17,0,5,22
11,0,37,48
9,0,76,85
96,0,34,130
44,0,15,59
42,0,54,96
34,0,71,105
5,0,2,7
27,0,47,74
69,0,10,79
67,0,49,116
100,0,27,127
49,0,16,65
44,0,80,124
32,0,48,80
65,0,26,91
75,0,97,172
60,0,90,150
5,0,17,22
13,0,10,23
17,0,72,89
65,0,91,156
52,0,11,63
74,0,56,130
98,0,69,167
41,0,35,76
12,0,93,105
36,0,99,135
21,0,58,79
45,0,71,116
69,0,77,146
6,0,8,14
1,0,98,99
4,0,14,18
28,0,20,48
59,0,37,96
20,0,24,44
84,0,32,116
89,0,40,129
52,0,78,130
94,0,41,135
37,0,7,44
19,0,57,76
92,0,80,172
77,0,73,150
20,0,39,59
29,0,11,40
47,0,99,146
53,0,17,70
4,0,81,85
30,0,48,78
34,0,12,46
58,0,18,76
53,0,82,135
62,0,54,116
86,0,60,146
84,0,99,183
56,0,86,142
68,0,27,95
51,0,59,110
38,0,63,101
31,0,39,70
73,0,2,75
71,0,41,112
36,0,40,76
34,0,79,113
13,0,16,29
69,0,18,87
64,0,82,146
17,0,2,19
21,0,64,85
69,0,83,152
54,0,42,96
100,0,100,200
18,0,46,64
16,0,85,101
40,0,91,131
6,0,14,20
49,0,63,112
1,0,78,79
73,0,69,142
5,0,90,95
78,0,70,148
63,0,29,92
13,0,83,96
24,0,16,40
48,0,22,70
46,0,61,107
88,0,24,112
15,0,1,16
63,0,94,157
87,0,100,187
53,0,23,76
80,0,83,163
23,0,49,72
86,0,1,87
48,0,87,135
81,0,65,146
6,0,81,87
72,0,50,122
33,0,3,36
86,0,66,152
38,0,4,42
62,0,10,72
80,0,98,178
56,0,92,148
33,0,68,101
57,0,74,131
66,0,46,112
90,0,52,142
88,0,91,179
55,0,51,106
71,0,47,118
2,0,53,55
75,0,33,108
58,0,65,123
7,0,54,61
40,0,32,72
17,0,8,25
96,0,87,183
35,0,96,131
73,0,10,83
65,0,27,92
1,0,19,20
68,0,74,142
98,0,5,103
73,0,75,148
97,0,81,178
25,0,13,38
83,0,29,112
10,0,6,16
8,0,45,53
5,0,70,75
60,0,93,153
25,0,78,103
10,0,71,81
82,0,62,144
59,0,38,97
41,0,88,129
65,0,94,159
52,0,14,66
43,0,49,92
92,0,16,108
76,0,27,103
98,0,72,170
77,0,9,86
57,0,15,72
52,0,79,131
85,0,57,142
4,0,17,21
83,0,96,179
76,0,42,118
56,0,98,154
90,0,58,148
88,0,97,185
9,0,18,27
4,0,82,86
37,0,60,97
61,0,66,127
70,0,38,108
94,0,44,138
20,0,92,112
22,0,53,75
58,0,6,64
92,0,83,175
55,0,31,86
77,0,76,153
75,0,39,114
99,0,45,144
58,0,71,129
93,0,10,103
91,0,49,140
7,0,34,41
68,0,80,148
11,0,46,57
99,0,97,196
5,0,11,16
69,0,19,88
67,0,58,125
91,0,64,155
100,0,36,136
54,0,43,97
36,0,93,129
60,0,99,159
87,0,21,108
12,0,37,49
93,0,77,170
92,0,22,114
98,0,78,176
14,0,63,77
47,0,41,88
45,0,80,125
69,0,86,155
80,0,19,99
79,0,40,119
61,0,7,68
84,0,41,125
23,0,50,73
89,0,49,138
87,0,88,175
77,0,17,94
56,0,28,84
6,0,82,88
15,0,54,69
39,0,60,99
94,0,50,144
92,0,89,181
76,0,100,176
77,0,82,159
29,0,20,49
63,0,97,160
26,0,45,71
24,0,84,108
81,0,68,149
29,0,85,114
64,0,24,88
62,0,63,125
86,0,69,155
97,0,2,99
95,0,41,136
56,0,95,151
11,0,26,37
96,0,23,119
9,0,65,74
100,0,42,142
16,0,27,43
38,0,72,110
7,0,42,49
49,0,5,54
73,0,11,84
71,0,50,121
95,0,56,151
97,0,17,114
32,0,37,69
93,0,83,176
13,0,25,38
46,0,3,49
64,0,91,155
25,0,14,39
40,0,85,125
97,0,69,166
10,0,7,17
8,0,46,54
74,0,45,119
11,0,93,104
96,0,90,186
41,0,24,65
1,0,22,23
45,0,86,131
69,0,92,161
78,0,64,142
18,0,55,73
6,0,23,29
40,0,100,140
79,0,46,125
16,0,94,110
25,0,66,91
49,0,72,121
73,0,78,151
1,0,87,88
28,0,9,37
83,0,32,115
89,0,55,144
87,0,94,181
39,0,66,105
88,0,33,121
25,0,81,106
72,0,44,116
10,0,74,84
19,0,46,65
43,0,52,95
41,0,91,132
80,0,92,172
48,0,96,144
24,0,90,114
57,0,68,125
81,0,74,155
9,0,6,15
33,0,12,45
30,0,37,67
28,0,76,104
58,0,7,65
96,0,29,125
33,0,77,110
42,0,49,91
66,0,55,121
68,0,16,84
88,0,100,188
90,0,61,151
99,0,33,132
51,0,48,99
42,0,64,106
5,0,12,17
3,0,51,54
27,0,57,84
75,0,42,117
36,0,29,65
34,0,68,102
58,0,74,132
60,0,35,95
93,0,13,106
64,0,97,161
97,0,75,172
17,0,17,34
11,0,99,110
41,0,30,71
96,0,96,192
44,0,77,121
68,0,83,151
98,0,14,112
12,0,38,50
45,0,16,61
6,0,3,9
49,0,78,127
73,0,84,157
82,0,56,138
83,0,38,121
65,0,88,153
44,0,92,136
10,0,15,25
5,0,79,84
13,0,72,85
82,0,71,153
43,0,58,101
41,0,97,138
28,0,17,45
20,0,34,54
76,0,36,112
98,0,81,179
92,0,25,117
53,0,12,65
77,0,18,95
14,0,66,80
23,0,38,61
47,0,44,91
45,0,83,128
28,0,82,110
52,0,88,140
61,0,60,121
85,0,66,151
59,0,99,158
29,0,21,50
84,0,44,128
66,0,61,127
99,0,39,138
37,0,69,106
61,0,75,136
70,0,47,117
22,0,62,84
94,0,53,147
55,0,40,95
53,0,79,132
77,0,85,162
75,0,48,123
60,0,41,101
58,0,80,138
34,0,74,108
67,0,52,119
91,0,58,149
93,0,19,112
7,0,43,50
31,0,49,80
29,0,88,117
40,0,21,61
38,0,60,98
64,0,27,91
62,0,66,128
97,0,5,102
68,0,89,157
21,0,9,30
45,0,22,67
67,0,67,134
100,0,45,145
16,0,30,46
25,0,2,27
49,0,8,57
32,0,40,72
54,0,52,106
63,0,24,87
87,0,30,117
69,0,80,149
93,0,86,179
46,0,56,102
39,0,2,41
98,0,87,185
23,0,44,67
47,0,50,97
63,0,39,102
69,0,95,164
45,0,89,134
56,0,22,78
24,0,26,50
78,0,67,145
6,0,76,82
80,0,28,108
46,0,71,117
57,0,4,61
81,0,10,91
79,0,49,128
85,0,72,157
62,0,5,67
63,0,91,154
87,0,97,184
89,0,58,147
56,0,37,93
6,0,91,97
48,0,84,132
9,0,7,16
33,0,13,46
15,0,63,78
39,0,69,108
72,0,47,119
70,0,53,123
92,0,98,190
55,0,46,101
53,0,85,138
77,0,91,168
86,0,63,149
2,0,48,50
26,0,54,80
24,0,93,117
48,0,99,147
80,0,95,175
35,0,26,61
57,0,71,128
81,0,77,158
34,0,4,38
38,0,66,104
62,0,72,134
86,0,78,164
64,0,33,97
73,0,5,78
97,0,11,108
95,0,50,145
71,0,44,115
11,0,35,46
9,0,74,83
35,0,41,76
33,0,80,113
96,0,32,128
44,0,13,57
68,0,19,87
66,0,58,124
51,0,51,102
100,0,51,151
49,0,14,63
73,0,20,93
71,0,59,130
32,0,46,78
65,0,24,89
36,0,32,68
16,0,88,104
40,0,94,134
64,0,100,164
17,0,70,87
97,0,78,175
52,0,9,61
50,0,48,98
74,0,54,128
8,0,55,63
41,0,33,74
45,0,95,140
80,0,34,114
79,0,55,134
88,0,27,115
25,0,75,100
49,0,81,130
1,0,96,97
28,0,18,46
10,0,68,78
82,0,59,141
52,0,24,76
50,0,63,113
59,0,35,94
83,0,41,124
85,0,2,87
89,0,64,153
15,0,69,84
72,0,53,125
88,0,42,130
10,0,83,93
37,0,5,42
19,0,55,74
43,0,61,104
76,0,39,115
53,0,15,68
24,0,99,123
57,0,77,134
81,0,83,164
90,0,55,145
30,0,46,76
28,0,85,113
34,0,10,44
58,0,16,74
4,0,79,83
61,0,63,124
11,0,41,52
9,0,80,89
44,0,19,63
68,0,25,93
66,0,64,130
42,0,58,100
75,0,36,111
99,0,42,141
27,0,51,78
51,0,57,108
60,0,29,89
67,0,3,70
55,0,43,98
35,0,99,134
65,0,30,95
98,0,8,106
75,0,51,126
3,0,60,63
12,0,32,44
36,0,38,74
34,0,77,111
58,0,83,141
60,0,44,104
69,0,16,85
93,0,22,115
13,0,14,27
74,0,60,134
44,0,86,130
68,0,92,160
98,0,23,121
5,0,73,78
21,0,62,83
12,0,47,59
100,0,98,198
45,0,25,70
78,0,3,81
6,0,12,18
49,0,87,136
61,0,2,63
59,0,41,100
83,0,47,130
65,0,97,162
92,0,19,111
5,0,88,93
77,0,12,89
14,0,60,74
54,0,55,109
63,0,27,90
87,0,33,120
13,0,81,94
48,0,20,68
52,0,82,134
19,0,61,80
43,0,67,110
85,0,60,145
92,0,34,126
76,0,45,121
53,0,21,74
77,0,27,104
23,0,47,70
84,0,38,122
6,0,79,85
57,0,7,64
4,0,85,89
28,0,91,119
37,0,63,100
61,0,69,130
85,0,75,160
94,0,47,141
20,0,95,115
38,0,2,40
62,0,8,70
37,0,78,115
70,0,56,126
22,0,71,93
31,0,43,74
29,0,82,111
55,0,49,104
53,0,88,141
2,0,51,53
36,0,44,80
34,0,83,117
58,0,89,147
69,0,22,91
93,0,28,121
91,0,67,158
67,0,61,128
7,0,52,59
16,0,24,40
40,0,30,70
64,0,36,100
38,0,69,107
73,0,8,81
17,0,6,23
97,0,14,111
68,0,98,166
1,0,17,18
45,0,31,76
78,0,9,87
16,0,39,55
25,0,11,36
49,0,17,66
1,0,32,33
10,0,4,14
8,0,43,51
32,0,49,81
63,0,33,96
87,0,39,126
13,0,87,100
69,0,89,158
93,0,95,188
48,0,26,74
46,0,65,111
15,0,5,20
81,0,4,85
18,0,52,70
17,0,73,90
86,0,5,91
23,0,53,76
47,0,59,106
45,0,98,143
56,0,31,87
80,0,37,117
6,0,85,91
78,0,76,154
24,0,35,59
33,0,7,40
57,0,13,70
39,0,63,102
81,0,19,100
79,0,58,137
88,0,30,118
4,0,15,19
89,0,67,156
63,0,100,163
26,0,48,74
24,0,87,111
48,0,93,141
9,0,16,25
88,0,95,183
15,0,72,87
53,0,94,147
86,0,72,158
2,0,57,59
26,0,63,89
11,0,29,40
96,0,26,122
33,0,74,107
57,0,80,137
35,0,35,70
34,0,13,47
40,0,36,76
38,0,75,113
62,0,81,143
73,0,14,87
71,0,53,124
95,0,59,154
97,0,20,117
11,0,44,55
96,0,41,137
9,0,83,92
44,0,22,66
42,0,61,103
5,0,9,14
27,0,54,81
25,0,17,42
49,0,23,72
82,0,1,83
8,0,49,57
32,0,55,87
10,0,10,20
41,0,27,68
65,0,33,98
5,0,24,29
18,0,58,76
17,0,79,96
73,0,81,154
1,0,90,91
52,0,18,70
50,0,57,107
74,0,63,137
43,0,3,46
41,0,42,83
21,0,65,86
88,0,36,124
6,0,15,21
25,0,84,109
4,0,21,25
28,0,27,55
10,0,77,87
61,0,5,66
43,0,55,98
59,0,44,103
85,0,11,96
20,0,31,51
72,0,62,134
30,0,40,70
52,0,85,137
58,0,10,68
37,0,14,51
19,0,64,83
92,0,87,179
22,0,7,29
20,0,46,66
29,0,18,47
53,0,24,77
86,0,2,88
57,0,86,143
81,0,92,173
90,0,64,154
30,0,55,85
28,0,94,122
4,0,88,92
34,0,19,53
58,0,25,83
37,0,66,103
91,0,3,94
22,0,59,81
38,0,5,43
9,0,89,98
44,0,28,72
42,0,67,109
66,0,73,139
21,0,4,25
75,0,45,120
27,0,60,87
51,0,66,117
99,0,51,150
60,0,38,98
58,0,77,135
31,0,46,77
14,0,2,16
12,0,41,53
36,0,47,83
34,0,86,120
45,0,19,64
13,0,23,36
69,0,25,94
67,0,64,131
46,0,1,47
74,0,69,143
44,0,95,139
5,0,82,87
21,0,71,92
69,0,90,159
54,0,49,103
6,0,21,27
61,0,11,72
59,0,50,109
92,0,28,120
5,0,97,102
77,0,21,98
14,0,69,83
63,0,36,99
13,0,90,103
24,0,23,47
48,0,29,77
46,0,68,114
15,0,8,23
76,0,54,130
29,0,24,53
53,0,30,83
62,0,2,64
80,0,90,170
86,0,8,94
84,0,47,131
23,0,56,79
56,0,34,90
6,0,88,94
33,0,10,43
61,0,78,139
94,0,56,150
92,0,95,187
22,0,65,87
77,0,88,165
38,0,11,49
56,0,99,155
62,0,17,79
7,0,46,53
31,0,52,83
55,0,58,113
29,0,91,120
64,0,30,94
2,0,60,62
35,0,38,73
93,0,37,130
91,0,76,167
46,0,7,53
7,0,61,68
16,0,33,49
40,0,39,79
38,0,78,116
73,0,17,90
96,0,94,190
1,0,26,27
17,0,15,32
78,0,18,96
6,0,27,33
39,0,5,44
73,0,82,155
97,0,88,185
25,0,20,45
10,0,13,23
8,0,52,60
63,0,42,105
87,0,48,135
13,0,96,109
24,0,29,53
48,0,35,83
46,0,74,120
25,0,85,110
81,0,13,94
18,0,61,79
16,0,100,116
79,0,52,131
1,0,93,94
17,0,82,99
41,0,95,136
43,0,56,99
52,0,21,73
76,0,34,110
23,0,62,85
6,0,94,100
33,0,16,49
57,0,22,79
88,0,39,127
4,0,24,28
37,0,2,39
95,0,1,96
26,0,57,83
90,0,65,155
15,0,81,96
81,0,80,161
42,0,3,45
51,0,2,53
58,0,13,71
2,0,66,68
11,0,38,49
9,0,77,86
33,0,83,116
75,0,46,121
96,0,35,131
35,0,44,79
68,0,22,90
58,0,78,136
91,0,56,147
97,0,29,126
68,0,87,155
74,0,5,79
11,0,53,64
44,0,31,75
5,0,18,23
3,0,57,60
21,0,7,28
27,0,63,90
25,0,26,51
10,0,19,29
82,0,10,92
8,0,58,66
32,0,64,96
41,0,36,77
65,0,42,107
98,0,20,118
14,0,5,19
12,0,44,56
93,0,84,177
17,0,88,105
28,0,21,49
52,0,27,79
50,0,66,116
19,0,6,25
98,0,85,183
85,0,5,90
83,0,44,127
5,0,85,90
47,0,48,95
45,0,87,132
80,0,26,106
25,0,93,118
4,0,30,34
10,0,86,96
37,0,8,45
61,0,14,75
43,0,64,107
22,0,1,23
20,0,40,60
77,0,24,101
30,0,49,79
28,0,88,116
52,0,94,146
94,0,57,151
92,0,96,188
77,0,89,166
29,0,27,56
4,0,97,101
34,0,28,62
37,0,75,112
67,0,6,73
29,0,92,121
22,0,68,90
64,0,31,95
62,0,70,132
97,0,9,106
95,0,48,143
44,0,37,81
27,0,69,96
100,0,49,149
7,0,49,56
49,0,12,61
14,0,11,25
12,0,50,62
36,0,56,92
93,0,90,183
45,0,28,73
69,0,34,103
13,0,32,45
40,0,92,132
46,0,10,56
64,0,98,162
97,0,76,173
1,0,29,30
21,0,80,101
54,0,58,112
78,0,71,149
87,0,36,123
13,0,84,97
79,0,53,132
6,0,30,36
15,0,2,17
49,0,79,128
25,0,73,98
39,0,8,47
89,0,62,151
14,0,78,92
47,0,56,103
39,0,73,112
24,0,32,56
48,0,38,86
72,0,51,123
29,0,33,62
62,0,11,73
86,0,17,103
80,0,99,179
2,0,2,4
81,0,81,162
9,0,13,22
33,0,19,52
90,0,53,143
38,0,20,58
33,0,84,117
26,0,60,86
68,0,23,91
66,0,62,128
99,0,40,139
51,0,55,106
31,0,61,92
29,0,100,129
64,0,39,103
17,0,9,26
34,0,75,109
18,0,3,21
97,0,82,179
16,0,42,58
49,0,20,69
17,0,24,41
1,0,35,36
41,0,37,78
50,0,2,52
44,0,84,128
32,0,52,84
98,0,21,119
68,0,90,158
49,0,85,134
73,0,91,164
82,0,63,145
85,0,6,91
83,0,45,128
10,0,22,32
65,0,95,160
48,0,44,92
18,0,70,88
43,0,65,108
28,0,24,52
76,0,43,119
98,0,88,186
33,0,25,58
57,0,31,88
66,0,3,69
28,0,89,117
52,0,95,147
61,0,67,128
85,0,73,158
22,0,4,26
66,0,68,134
99,0,46,145
42,0,12,54
27,0,5,32
37,0,76,113
34,0,16,50
58,0,22,80
70,0,54,124
53,0,86,139
35,0,53,88
75,0,55,130
68,0,31,99
21,0,1,22
58,0,87,145
51,0,63,114
93,0,26,119
91,0,65,156
50,0,8,58
68,0,96,164
5,0,27,32
21,0,16,37
45,0,29,74
3,0,66,69
67,0,74,141
78,0,7,85
100,0,52,152
13,0,20,33
54,0,59,113
87,0,37,124
69,0,87,156
93,0,93,186
52,0,36,88
50,0,75,125
98,0,94,192
85,0,14,99
23,0,51,74
47,0,57,104
45,0,96,141
56,0,29,85
80,0,35,115
78,0,74,152
6,0,83,89
37,0,17,54
22,0,10,32
20,0,49,69
63,0,98,161
53,0,27,80
89,0,65,154
48,0,91,139
15,0,70,85
72,0,54,126
70,0,60,130
53,0,92,145
77,0,98,175
86,0,70,156
2,0,55,57
35,0,33,68
57,0,78,135
91,0,71,162
67,0,15,82
22,0,77,99
64,0,40,104
38,0,73,111
86,0,85,171
62,0,79,141
97,0,18,115
71,0,51,122
95,0,57,152
100,0,58,158
7,0,58,65
49,0,21,70
73,0,27,100
71,0,66,137
32,0,53,85
65,0,31,96
93,0,99,192
46,0,19,65
73,0,79,152
97,0,85,182
17,0,77,94
50,0,55,105
74,0,61,135
80,0,41,121
78,0,80,158
89,0,6,95
79,0,62,141
88,0,34,122
15,0,11,26
49,0,88,137
25,0,82,107
82,0,66,148
10,0,75,85
89,0,71,160
15,0,76,91
26,0,2,28
24,0,41,65
66,0,4,70
72,0,60,132
88,0,49,137
57,0,19,76
52,0,83,135
19,0,62,81
57,0,84,141
81,0,90,171
90,0,62,152
9,0,22,31
4,0,86,90
34,0,17,51
91,0,1,92
95,0,63,158
9,0,87,96
2,0,63,65
44,0,26,70
68,0,32,100
42,0,65,107
90,0,77,167
66,0,71,137
75,0,43,118
99,0,49,148
51,0,64,115
27,0,58,85
60,0,36,96
8,0,3,11
74,0,2,76
98,0,15,113
75,0,58,133
3,0,67,70
12,0,39,51
36,0,45,81
34,0,84,118
58,0,90,148
69,0,23,92
93,0,29,122
91,0,68,159
73,0,85,158
97,0,91,188
18,0,12,30
74,0,67,141
1,0,44,45
44,0,93,137
68,0,99,167
98,0,30,128
21,0,69,90
54,0,47,101
6,0,19,25
25,0,88,113
49,0,94,143
82,0,72,154
59,0,48,107
41,0,98,139
83,0,54,137
92,0,26,118
19,0,3,22
5,0,95,100
14,0,67,81
52,0,89,141
19,0,68,87
85,0,67,152
4,0,27,31
28,0,33,61
92,0,41,133
76,0,52,128
53,0,28,81
86,0,6,92
84,0,45,129
23,0,54,77
6,0,86,92
28,0,98,126
37,0,70,107
61,0,76,137
85,0,82,167
91,0,7,98
94,0,54,148
38,0,9,47
99,0,55,154
3,0,8,11
37,0,85,122
70,0,63,133
31,0,50,81
29,0,89,118
53,0,95,148
55,0,56,111
86,0,73,159
36,0,51,87
34,0,90,124
21,0,10,31
69,0,29,98
67,0,68,135
91,0,74,165
93,0,35,128
7,0,59,66
16,0,31,47
40,0,37,77
38,0,76,114
73,0,15,88
44,0,99,143
5,0,36,41
78,0,16,94
100,0,61,161
13,0,29,42
25,0,18,43
8,0,50,58
47,0,51,98
45,0,90,135
69,0,96,165
13,0,94,107
87,0,46,133
89,0,7,96
48,0,33,81
46,0,72,118
63,0,40,103
15,0,12,27
81,0,11,92
18,0,59,77
23,0,60,83
47,0,66,113
89,0,59,148
84,0,51,135
56,0,38,94
80,0,44,124
78,0,83,161
6,0,92,98
33,0,14,47
57,0,20,77
39,0,70,109
79,0,65,144
88,0,37,125
94,0,60,154
10,0,78,88
92,0,99,191
22,0,19,41
77,0,92,169
89,0,74,163
24,0,94,118
48,0,100,148
9,0,23,32
15,0,79,94
39,0,85,124
42,0,1,43
29,0,95,124
62,0,73,135
86,0,79,165
2,0,64,66
26,0,70,96
96,0,33,129
33,0,81,114
57,0,87,144
35,0,42,77
40,0,43,83
38,0,82,120
62,0,88,150
73,0,21,94
97,0,27,124
95,0,66,161
71,0,60,131
74,0,3,77
11,0,51,62
96,0,48,144
9,0,90,99
44,0,29,73
42,0,68,110
5,0,16,21
27,0,61,88
25,0,24,49
49,0,30,79
82,0,8,90
10,0,17,27
8,0,56,64
32,0,62,94
17,0,21,38
41,0,34,75
65,0,40,105
18,0,65,83
49,0,82,131
17,0,86,103
1,0,97,98
73,0,88,161
52,0,25,77
50,0,64,114
74,0,70,144
19,0,4,23
41,0,49,90
85,0,3,88
56,0,44,100
78,0,89,167
90,0,4,94
88,0,43,131
25,0,91,116
49,0,97,146
4,0,28,32
28,0,34,62
82,0,75,157
10,0,84,94
37,0,6,43
61,0,12,73
43,0,62,105
59,0,51,110
20,0,38,58
26,0,11,37
81,0,84,165
42,0,7,49
72,0,69,141
30,0,47,77
52,0,92,144
58,0,17,75
19,0,71,90
29,0,25,54
33,0,87,120
57,0,93,150
68,0,26,94
66,0,65,131
90,0,71,161
51,0,58,109
4,0,95,99
30,0,62,92
34,0,26,60
37,0,73,110
61,0,79,140
67,0,4,71
91,0,10,101
27,0,2,29
22,0,66,88
44,0,35,79
42,0,74,116
66,0,80,146
21,0,11,32
75,0,52,127
27,0,67,94
99,0,58,157
51,0,73,124
60,0,45,105
58,0,84,142
31,0,53,84
65,0,46,111
68,0,93,161
98,0,24,122
14,0,9,23
12,0,48,60
36,0,54,90
34,0,93,127
45,0,26,71
69,0,32,101
13,0,30,43
67,0,71,138
46,0,8,54
97,0,100,197
50,0,70,120
83,0,48,131
5,0,89,94
21,0,78,99
54,0,56,110
47,0,2,49
45,0,41,86
6,0,28,34
25,0,97,122
39,0,6,45
82,0,81,163
10,0,90,100
43,0,68,111
59,0,57,116
76,0,46,122
92,0,35,127
98,0,91,189
77,0,28,105
14,0,76,90
63,0,43,106
47,0,54,101
13,0,97,110
24,0,30,54
48,0,36,84
46,0,75,121
52,0,98,150
19,0,77,96
85,0,76,161
76,0,61,137
29,0,31,60
53,0,37,90
62,0,9,71
86,0,15,101
23,0,63,86
84,0,54,138
56,0,41,97
6,0,95,101
37,0,79,116
61,0,85,146
67,0,10,77
85,0,91,176
70,0,57,127
94,0,63,157
22,0,72,94
55,0,50,105
77,0,95,172
38,0,18,56
62,0,24,86
95,0,2,97
99,0,64,163
60,0,51,111
70,0,72,142
7,0,53,60
31,0,59,90
29,0,98,127
55,0,65,120
64,0,37,101
62,0,76,138
86,0,82,168
34,0,99,133
69,0,38,107
67,0,77,144
91,0,83,174
78,0,10,88
46,0,14,60
100,0,55,155
18,0,1,19
16,0,40,56
40,0,46,86
38,0,85,123
49,0,18,67
73,0,24,97
1,0,33,34
71,0,63,134
54,0,62,116
89,0,1,90
87,0,40,127
78,0,25,103
39,0,12,51
25,0,27,52
10,0,20,30
8,0,59,67
14,0,82,96
47,0,60,107
87,0,55,142
63,0,49,112
45,0,99,144
80,0,38,118
48,0,42,90
46,0,81,127
57,0,14,71
81,0,20,101
79,0,59,138
18,0,68,86
72,0,5,77
1,0,100,101
17,0,89,106
28,0,22,50
52,0,28,80
50,0,67,117
86,0,21,107
23,0,69,92
84,0,60,144
89,0,68,157
56,0,47,103
80,0,53,133
33,0,23,56
15,0,73,88
39,0,79,118
57,0,29,86
66,0,1,67
90,0,7,97
88,0,46,134
71,0,2,73
26,0,64,90
15,0,88,103
81,0,87,168
42,0,10,52
27,0,3,30
51,0,9,60
58,0,20,78
64,0,43,107
62,0,82,144
86,0,88,174
97,0,21,118
2,0,73,75
11,0,45,56
35,0,51,86
96,0,42,138
9,0,84,93
33,0,90,123
68,0,29,97
34,0,29,63
16,0,46,62
38,0,91,129
49,0,24,73
73,0,30,103
71,0,69,140
97,0,36,133
82,0,2,84
50,0,6,56
32,0,56,88
11,0,60,71
44,0,38,82
5,0,25,30
3,0,64,67
27,0,70,97
60,0,48,108
25,0,33,58
10,0,26,36
8,0,65,73
32,0,71,103
74,0,64,138
82,0,17,99
43,0,4,47
41,0,43,84
65,0,49,114
98,0,27,125
14,0,12,26
12,0,51,63
81,0,26,107
18,0,74,92
49,0,91,140
17,0,95,112
73,0,97,170
28,0,28,56
52,0,34,86
50,0,73,123
74,0,79,153
61,0,6,67
98,0,92,190
83,0,51,134
85,0,12,97
5,0,92,97
66,0,7,73
90,0,13,103
88,0,52,140
25,0,100,125
4,0,37,41
10,0,93,103
37,0,15,52
61,0,21,82
43,0,71,114
59,0,60,119
19,0,65,84
22,0,8,30
92,0,38,130
20,0,47,67
77,0,31,108
30,0,56,86
28,0,95,123
58,0,26,84
85,0,79,164
91,0,4,95
29,0,34,63
62,0,12,74
35,0,57,92
33,0,96,129
68,0,35,103
66,0,74,140
90,0,80,170
99,0,52,151
51,0,67,118
37,0,82,119
67,0,13,80
22,0,75,97
42,0,83,125
5,0,31,36
75,0,61,136
27,0,76,103
3,0,70,73
36,0,48,84
60,0,54,114
34,0,87,121
100,0,56,156
58,0,93,151
93,0,32,125
7,0,56,63
98,0,33,131
21,0,72,93
14,0,18,32
12,0,57,69
36,0,63,99
45,0,35,80
69,0,41,110
6,0,22,28
46,0,17,63
18,0,4,22
50,0,79,129
85,0,18,103
1,0,36,37
83,0,57,140
5,0,98,103
21,0,87,108
54,0,65,119
23,0,5,28
89,0,4,93
87,0,43,130
13,0,91,104
6,0,37,43
15,0,9,24
39,0,15,54
82,0,90,172
94,0,5,99
20,0,53,73
92,0,44,136
53,0,31,84
77,0,37,114
14,0,85,99
86,0,9,95
47,0,63,110
24,0,39,63
48,0,45,93
81,0,23,104
85,0,85,170
29,0,40,69
38,0,12,50
62,0,18,80
86,0,24,110
84,0,63,147
2,0,9,11
9,0,20,29
33,0,26,59
37,0,88,125
61,0,94,155
70,0,66,136
22,0,81,103
94,0,72,166
55,0,59,114
53,0,98,151
38,0,27,65
71,0,5,76
26,0,67,93
7,0,62,69
31,0,68,99
40,0,40,80
64,0,46,110
62,0,85,147
17,0,16,33
97,0,24,121
8,0,1,9
11,0,48,59
96,0,45,141
69,0,47,116
67,0,86,153
79,0,1,80
16,0,49,65
18,0,10,28
97,0,89,186
25,0,21,46
49,0,27,76
17,0,31,48
1,0,42,43
10,0,14,24
50,0,9,59
32,0,59,91
54,0,71,125
89,0,10,99
87,0,49,136
5,0,28,33
15,0,15,30
39,0,21,60
49,0,92,141
82,0,70,152
10,0,29,39
19,0,1,20
43,0,7,50
63,0,58,121
26,0,6,32
24,0,45,69
48,0,51,99
46,0,90,136
57,0,23,80
81,0,29,110
79,0,68,147
18,0,77,95
28,0,31,59
84,0,69,153
89,0,77,166
56,0,56,112
9,0,26,35
33,0,32,65
15,0,82,97
39,0,88,127
42,0,4,46
66,0,10,76
90,0,16,106
72,0,66,138
51,0,3,54
4,0,40,44
22,0,11,33
2,0,67,69
26,0,73,99
35,0,45,80
57,0,90,147
42,0,19,61
3,0,6,9
27,0,12,39
30,0,59,89
34,0,23,57
58,0,29,87
86,0,97,183
74,0,6,80
11,0,54,65
96,0,51,147
33,0,99,132
9,0,93,102
35,0,60,95
44,0,32,76
68,0,38,106
21,0,8,29
51,0,70,121
91,0,72,163
73,0,39,112
71,0,78,149
21,0,23,44
3,0,73,76
5,0,34,39
54,0,1,55
13,0,27,40
8,0,74,82
74,0,73,147
19,0,7,26
43,0,13,56
41,0,52,93
69,0,94,163
93,0,100,193
14,0,21,35
18,0,83,101
28,0,37,65
52,0,43,95
50,0,82,132
37,0,9,46
61,0,15,76
59,0,54,113
85,0,21,106
83,0,60,143
23,0,58,81
56,0,36,92
88,0,61,149
37,0,24,61
19,0,74,93
43,0,80,123
70,0,2,72
22,0,17,39
20,0,56,76
53,0,34,87
26,0,3,29
75,0,3,78
30,0,65,95
4,0,98,102
70,0,67,137
58,0,35,93
61,0,82,143
91,0,13,104
53,0,99,152
31,0,4,35
86,0,77,163
38,0,15,53
67,0,22,89
22,0,84,106
38,0,80,118
55,0,62,117
71,0,58,129
3,0,79,82
54,0,7,61
36,0,57,93
60,0,63,123
100,0,65,165
13,0,33,46
93,0,41,134
46,0,11,57
64,0,99,163
7,0,65,72
21,0,81,102
12,0,66,78
47,0,5,52
45,0,44,89
78,0,22,100
46,0,26,72
6,0,31,37
79,0,4,83
73,0,86,159
80,0,48,128
78,0,87,165
89,0,13,102
63,0,46,109
13,0,100,113
6,0,46,52
48,0,39,87
15,0,18,33
25,0,89,114
92,0,53,145
55,0,1,56
77,0,46,123
23,0,66,89
2,0,3,5
26,0,9,35
24,0,48,72
6,0,98,104
72,0,67,139
57,0,26,83
38,0,21,59
62,0,27,89
95,0,5,100
57,0,91,148
90,0,69,159
9,0,29,38
22,0,90,112
95,0,70,165
9,0,94,103
2,0,70,72
44,0,33,77
32,0,1,33
42,0,72,114
75,0,50,125
27,0,65,92
60,0,43,103
3,0,9,12
7,0,71,78
31,0,77,108
40,0,49,89
64,0,55,119
17,0,25,42
8,0,10,18
50,0,3,53
74,0,9,83
79,0,10,89
16,0,58,74
97,0,98,195
73,0,92,165
25,0,30,55
49,0,36,85
1,0,51,52
74,0,74,148
10,0,23,33
8,0,62,70
32,0,68,100
44,0,100,144
82,0,79,161
72,0,8,80
17,0,92,109
59,0,55,114
92,0,33,125
19,0,10,29
98,0,89,187
24,0,54,78
46,0,99,145
57,0,32,89
81,0,38,119
19,0,75,94
30,0,1,31
28,0,40,68
85,0,74,159
4,0,34,38
76,0,59,135
61,0,18,79
9,0,35,44
42,0,13,55
66,0,19,85
27,0,6,33
51,0,12,63
61,0,83,144
91,0,14,105
94,0,61,155
77,0,93,170
26,0,82,108
99,0,62,161
3,0,15,18
34,0,32,66
29,0,96,125
64,0,35,99
11,0,63,74
96,0,60,156
44,0,41,85
42,0,80,122
34,0,97,131
21,0,17,38
27,0,73,100
69,0,36,105
93,0,42,135
91,0,81,172
67,0,75,142
12,0,2,14
100,0,53,153
83,0,2,85
5,0,43,48
14,0,15,29
78,0,23,101
13,0,36,49
43,0,22,65
98,0,95,193
41,0,61,102
21,0,84,105
63,0,47,110
45,0,97,142
48,0,40,88
46,0,79,125
23,0,2,25
81,0,18,99
79,0,57,136
6,0,34,40
28,0,46,74
61,0,24,85
23,0,67,90
84,0,58,142
89,0,66,155
47,0,73,120
56,0,45,101
80,0,51,131
78,0,90,168
6,0,99,105
39,0,77,116
94,0,67,161
37,0,33,70
70,0,11,81
77,0,99,176
20,0,65,85
22,0,26,48
29,0,37,66
53,0,43,96
95,0,6,101
55,0,4,59
2,0,6,8
30,0,74,104
7,0,7,14
86,0,86,172
38,0,24,62
96,0,40,136
40,0,50,90
38,0,89,127
62,0,95,157
31,0,65,96
73,0,28,101
71,0,67,138
95,0,73,168
97,0,34,131
13,0,42,55
46,0,20,66
25,0,31,56
18,0,7,25
82,0,15,97
8,0,63,71
17,0,28,45
41,0,41,82
65,0,47,112
98,0,25,123
47,0,14,61
18,0,72,90
49,0,89,138
73,0,95,168
50,0,71,121
85,0,10,95
78,0,96,174
63,0,55,118
48,0,48,96
46,0,87,133
88,0,50,138
25,0,98,123
15,0,27,42
90,0,11,101
82,0,82,164
10,0,91,101
43,0,69,112
2,0,12,14
26,0,18,44
42,0,14,56
81,0,91,172
72,0,76,148
33,0,29,62
30,0,54,84
28,0,93,121
52,0,99,151
58,0,24,82
91,0,2,93
62,0,36,98
33,0,94,127
57,0,100,157
66,0,72,138
90,0,78,168
27,0,9,36
67,0,11,78
71,0,73,144
2,0,79,81
44,0,42,86
42,0,81,123
66,0,87,153
32,0,10,42
75,0,59,134
27,0,74,101
99,0,65,164
51,0,80,131
60,0,52,112
58,0,91,149
17,0,34,51
65,0,53,118
50,0,12,62
74,0,18,92
68,0,100,168
98,0,31,129
14,0,16,30
12,0,55,67
34,0,100,134
45,0,33,78
67,0,78,145
83,0,55,138
5,0,96,101
10,0,97,107
82,0,88,170
59,0,64,123
43,0,75,118
52,0,40,92
94,0,3,97
76,0,53,129
92,0,42,134
98,0,98,196
77,0,35,112
14,0,83,97
47,0,61,108
4,0,43,47
85,0,83,168
76,0,68,144
37,0,21,58
29,0,38,67
22,0,14,36
62,0,16,78
86,0,22,108
84,0,61,145
90,0,84,174
37,0,86,123
61,0,92,153
67,0,17,84
51,0,21,72
70,0,64,134
22,0,79,101
94,0,70,164
55,0,57,112
75,0,65,140
99,0,71,170
58,0,97,155
36,0,2,38
70,0,79,149
91,0,75,166
7,0,60,67
31,0,66,97
40,0,38,78
64,0,44,108
62,0,83,145
86,0,89,175
21,0,26,47
69,0,45,114
67,0,84,151
91,0,90,181
54,0,4,58
46,0,21,67
100,0,62,162
18,0,8,26
16,0,47,63
49,0,25,74
1,0,40,41
71,0,70,141
54,0,69,123
87,0,47,134
14,0,24,38
78,0,32,110
39,0,19,58
92,0,48,140
14,0,89,103
63,0,56,119
47,0,67,114
80,0,45,125
84,0,2,86
46,0,88,134
48,0,49,97
81,0,27,108
18,0,75,93
79,0,66,145
84,0,67,151
23,0,76,99
89,0,75,164
56,0,54,110
80,0,60,140
33,0,30,63
15,0,80,95
39,0,86,125
66,0,8,74
88,0,53,141
51,0,1,52
94,0,76,170
71,0,9,80
26,0,71,97
15,0,95,110
81,0,94,175
64,0,50,114
62,0,89,151
86,0,95,181
97,0,28,125
95,0,67,162
2,0,80,82
11,0,52,63
35,0,58,93
9,0,91,100
96,0,49,145
33,0,97,130
68,0,36,104
100,0,68,168
16,0,53,69
38,0,98,136
49,0,31,80
73,0,37,110
97,0,43,140
95,0,82,177
71,0,76,147
82,0,9,91
50,0,13,63
32,0,63,95
3,0,71,74
25,0,40,65
18,0,16,34
97,0,95,192
82,0,24,106
8,0,72,80
74,0,71,145
1,0,48,49
43,0,11,54
41,0,50,91
65,0,56,121
98,0,34,132
18,0,81,99
79,0,72,151
25,0,92,117
49,0,98,147
28,0,35,63
52,0,41,93
50,0,80,130
74,0,86,160
61,0,13,74
85,0,19,104
83,0,58,141
89,0,81,170
5,0,99,104
39,0,92,131
90,0,20,110
88,0,59,147
72,0,70,142
4,0,44,48
10,0,100,110
37,0,22,59
19,0,72,91
43,0,78,121
22,0,15,37
20,0,54,74
92,0,45,137
53,0,32,85
2,0,21,23
57,0,94,151
81,0,100,181
75,0,1,76
4,0,96,100
30,0,63,93
58,0,33,91
19,0,87,106
85,0,86,171
91,0,11,102
96,0,55,151
42,0,75,117
68,0,42,110
90,0,87,177
66,0,81,147
99,0,59,158
51,0,74,125
3,0,12,15
37,0,89,126
67,0,20,87
91,0,26,117
22,0,82,104
42,0,90,132
3,0,77,80
27,0,83,110
75,0,68,143
54,0,5,59
36,0,55,91
34,0,94,128
58,0,100,158
60,0,61,121
93,0,39,132
7,0,63,70
41,0,56,97
98,0,40,138
14,0,25,39
12,0,64,76
36,0,70,106
47,0,3,50
45,0,42,87
69,0,48,117
85,0,25,110
83,0,64,147
21,0,94,115
54,0,72,126
84,0,3,87
23,0,12,35
89,0,11,100
87,0,50,137
13,0,98,111
15,0,16,31
39,0,22,61
82,0,97,179
43,0,84,127
70,0,6,76
94,0,12,106
92,0,51,143
76,0,62,138
20,0,60,80
53,0,38,91
77,0,44,121
14,0,92,106
86,0,16,102
23,0,64,87
47,0,70,117
24,0,46,70
61,0,86,147
85,0,92,177
29,0,47,76
22,0,23,45
38,0,19,57
62,0,25,87
86,0,31,117
84,0,70,154
89,0,78,167
95,0,3,98
37,0,95,132
70,0,73,143
22,0,88,110
100,0,4,104
94,0,79,173
55,0,66,121
38,0,34,72
7,0,4,11
71,0,12,83
2,0,68,70
26,0,74,100
75,0,74,149
60,0,67,127
93,0,45,138
91,0,84,175
7,0,69,76
31,0,75,106
40,0,47,87
64,0,53,117
38,0,86,124
62,0,92,154
17,0,23,40
97,0,31,128
74,0,7,81
96,0,52,148
21,0,35,56
45,0,48,93
67,0,93,160
78,0,26,104
100,0,71,171
79,0,8,87
16,0,56,72
40,0,62,102
18,0,17,35
25,0,28,53
49,0,34,83
1,0,49,50
10,0,21,31
32,0,66,98
54,0,78,132
89,0,17,106
63,0,50,113
87,0,56,143
46,0,82,128
15,0,22,37
39,0,28,67
72,0,6,78
25,0,43,68
17,0,90,107
8,0,75,83
19,0,8,27
43,0,14,57
41,0,53,94
23,0,70,93
47,0,76,123
26,0,13,39
24,0,52,76
78,0,93,171
46,0,97,143
56,0,48,104
80,0,54,134
57,0,30,87
81,0,36,117
18,0,84,102
79,0,75,154
90,0,8,98
4,0,32,36
28,0,38,66
89,0,84,173
95,0,9,104
56,0,63,119
9,0,33,42
33,0,39,72
15,0,89,104
39,0,95,134
42,0,11,53
66,0,17,83
90,0,23,113
72,0,73,145
27,0,4,31
51,0,10,61
55,0,72,127
2,0,74,76
26,0,80,106
35,0,52,87
57,0,97,154
42,0,26,68
75,0,4,79
3,0,13,16
34,0,30,64
58,0,36,94
64,0,59,123
62,0,98,160
38,0,92,130
73,0,31,104
97,0,37,134
95,0,76,171
74,0,13,87
11,0,61,72
9,0,100,109
35,0,67,102
96,0,58,154
44,0,39,83
68,0,45,113
66,0,84,150
21,0,15,36
51,0,77,128
49,0,40,89
73,0,46,119
71,0,85,156
82,0,18,100
32,0,72,104
65,0,50,115
5,0,41,46
3,0,80,83
36,0,58,94
72,0,12,84
17,0,96,113
50,0,74,124
74,0,80,154
19,0,14,33
43,0,20,63
41,0,59,100
79,0,81,160
30,0,5,35
28,0,44,72
52,0,50,102
50,0,89,139
10,0,94,104
82,0,85,167
61,0,22,83
85,0,28,113
59,0,61,120
83,0,67,150
66,0,23,89
88,0,68,156
72,0,79,151
99,0,1,100
51,0,16,67
37,0,31,68
19,0,81,100
43,0,87,130
70,0,9,79
22,0,24,46
20,0,63,83
76,0,65,141
55,0,2,57
53,0,41,94
75,0,10,85
30,0,72,102
34,0,36,70
58,0,42,100
60,0,3,63
61,0,89,150
67,0,14,81
91,0,20,111
7,0,5,12
29,0,50,79
38,0,22,60
44,0,45,89
68,0,51,119
42,0,84,126
90,0,96,186
66,0,90,156
75,0,62,137
27,0,77,104
99,0,68,167
51,0,83,134
60,0,55,115
67,0,29,96
22,0,91,113
100,0,7,107
55,0,69,124
75,0,77,152
3,0,86,89
54,0,14,68
36,0,64,100
60,0,70,130
12,0,58,70
69,0,42,111
93,0,48,141
91,0,87,178
13,0,40,53
46,0,18,64
7,0,72,79
76,0,4,80
98,0,49,147
21,0,88,109
12,0,73,85
54,0,66,120
23,0,6,29
47,0,12,59
45,0,51,96
78,0,29,107
6,0,38,44
46,0,33,79
79,0,11,90
61,0,28,89
59,0,67,126
83,0,73,156
94,0,6,100
77,0,38,115
14,0,86,100
54,0,81,135
80,0,55,135
78,0,94,172
89,0,20,109
87,0,59,146
63,0,53,116
48,0,46,94
15,0,25,40
39,0,31,70
72,0,9,81
43,0,93,136
70,0,15,85
76,0,71,147
92,0,60,152
55,0,8,63
53,0,47,100
77,0,53,130
62,0,19,81
86,0,25,111
23,0,73,96
84,0,64,148
2,0,10,12
26,0,16,42
24,0,55,79
57,0,33,90
61,0,95,156
38,0,28,66
62,0,34,96
71,0,6,77
95,0,12,107
9,0,36,45
70,0,82,152
22,0,97,119
100,0,13,113
31,0,69,100
55,0,75,130
95,0,77,172
86,0,92,178
2,0,77,79
8,0,2,10
32,0,8,40
93,0,54,147
7,0,78,85
18,0,11,29
16,0,50,66
40,0,56,96
38,0,95,133
64,0,62,126
1,0,43,44
17,0,32,49
73,0,34,107
97,0,40,137
50,0,10,60
74,0,16,90
78,0,35,113
79,0,17,96
16,0,65,81
25,0,37,62
49,0,43,92
1,0,58,59
82,0,21,103
50,0,25,75
32,0,75,107
8,0,69,77
10,0,30,40
89,0,26,115
63,0,59,122
87,0,65,152
48,0,52,100
46,0,91,137
15,0,31,46
81,0,30,111
18,0,78,96
82,0,86,168
88,0,4,92
72,0,15,87
17,0,99,116
52,0,38,90
19,0,17,36
98,0,96,194
47,0,85,132
80,0,63,143
33,0,33,66
57,0,39,96
81,0,45,126
79,0,84,163
90,0,17,107
88,0,56,144
4,0,41,45
30,0,8,38
28,0,47,75
61,0,25,86
89,0,93,182
95,0,18,113
9,0,42,51
15,0,98,113
42,0,20,62
66,0,26,92
99,0,4,103
27,0,13,40
51,0,19,70
2,0,83,85
26,0,89,115
35,0,61,96
33,0,100,133
99,0,69,168
3,0,22,25
60,0,6,66
34,0,39,73
97,0,46,143
74,0,22,96
11,0,70,81
96,0,67,163
44,0,48,92
42,0,87,129
5,0,35,40
21,0,24,45
27,0,80,107
12,0,9,21
67,0,82,149
54,0,2,56
100,0,60,160
49,0,49,98
82,0,27,109
10,0,36,46
32,0,81,113
59,0,3,62
83,0,9,92
65,0,59,124
5,0,50,55
3,0,89,92
14,0,22,36
12,0,61,73
13,0,43,56
52,0,44,96
50,0,83,133
74,0,89,163
19,0,23,42
41,0,68,109
85,0,22,107
76,0,7,83
21,0,91,112
23,0,9,32
6,0,41,47
4,0,47,51
28,0,53,81
37,0,25,62
61,0,31,92
59,0,70,129
85,0,37,122
22,0,18,40
20,0,57,77
94,0,9,103
84,0,65,149
99,0,10,109
30,0,66,96
37,0,40,77
19,0,90,109
70,0,18,88
20,0,72,92
31,0,5,36
55,0,11,66
53,0,50,103
29,0,44,73
86,0,28,114
2,0,13,15
30,0,81,111
36,0,6,42
34,0,45,79
37,0,92,129
67,0,23,90
91,0,29,120
22,0,85,107
7,0,14,21
86,0,93,179
38,0,31,69
66,0,99,165
21,0,30,51
99,0,77,176
51,0,92,143
54,0,8,62
31,0,72,103
8,0,5,13
14,0,28,42
12,0,67,79
36,0,73,109
47,0,6,53
87,0,1,88
13,0,49,62
67,0,90,157
69,0,51,120
46,0,27,73
18,0,14,32
17,0,35,52
21,0,97,118
54,0,75,129
84,0,6,90
47,0,21,68
23,0,15,38
89,0,14,103
6,0,47,53
39,0,25,64
49,0,96,145
10,0,33,43
14,0,95,109
63,0,62,125
26,0,10,36
24,0,49,73
48,0,55,103
46,0,94,140
88,0,57,145
15,0,34,49
31,0,11,42
53,0,56,109
86,0,34,120
84,0,73,157
23,0,82,105
2,0,19,21
26,0,25,51
81,0,98,179
56,0,60,116
33,0,36,69
38,0,37,75
62,0,43,105
71,0,15,86
95,0,21,116
32,0,2,34
11,0,6,17
9,0,45,54
66,0,79,145
27,0,16,43
55,0,84,139
2,0,86,88
8,0,11,19
32,0,17,49
35,0,64,99
18,0,20,38
16,0,59,75
40,0,65,105
49,0,37,86
17,0,41,58
73,0,43,116
1,0,52,53
65,0,60,125
50,0,19,69
74,0,25,99
98,0,38,136
25,0,46,71
10,0,39,49
8,0,78,86
59,0,6,65
43,0,17,60
87,0,74,161
18,0,87,105
72,0,24,96
82,0,95,177
43,0,82,125
30,0,2,32
52,0,47,99
50,0,86,136
76,0,60,136
19,0,26,45
35,0,3,38
33,0,42,75
57,0,48,105
90,0,26,116
88,0,65,153
51,0,13,64
4,0,50,54
85,0,90,175
30,0,17,47
37,0,28,65
22,0,21,43
90,0,91,181
42,0,29,71
3,0,16,19
37,0,93,130
51,0,28,79
75,0,7,82
27,0,22,49
70,0,71,141
58,0,39,97
100,0,2,102
22,0,86,108
55,0,64,119
31,0,8,39
2,0,92,94
35,0,70,105
75,0,72,147
12,0,3,15
36,0,9,45
91,0,82,173
40,0,45,85
11,0,79,90
44,0,57,101
5,0,44,49
3,0,83,86
27,0,89,116
69,0,52,121
67,0,91,158
91,0,97,188
54,0,11,65
21,0,33,54
100,0,69,169
59,0,12,71
54,0,76,130
87,0,54,141
14,0,31,45
12,0,70,82
47,0,9,56
13,0,52,65
72,0,4,76
19,0,32,51
14,0,96,110
47,0,74,121
80,0,52,132
84,0,9,93
4,0,56,60
37,0,34,71
61,0,40,101
70,0,12,82
94,0,18,112
22,0,27,49
20,0,66,86
84,0,74,158
55,0,5,60
89,0,82,171
77,0,50,127
56,0,61,117
15,0,87,102
39,0,93,132
72,0,71,143
94,0,83,177
7,0,8,15
31,0,14,45
29,0,53,82
71,0,16,87
62,0,31,93
34,0,54,88
22,0,94,116
64,0,57,121
62,0,96,158
97,0,35,132
40,0,1,41
95,0,74,169
54,0,17,71
100,0,75,175
7,0,75,82
49,0,38,87
73,0,44,117
71,0,83,154
82,0,16,98
32,0,70,102
65,0,48,113
8,0,14,22
36,0,82,118
63,0,4,67
13,0,58,71
46,0,36,82
18,0,23,41
79,0,14,93
74,0,78,152
1,0,55,56
41,0,57,98
23,0,24,47
78,0,97,175
56,0,2,58
79,0,79,158
18,0,88,106
6,0,56,62
25,0,99,124
39,0,34,73
61,0,20,81
89,0,88,177
39,0,99,138
26,0,19,45
24,0,58,82
48,0,64,112
90,0,27,117
72,0,77,149
88,0,66,154
81,0,42,123
19,0,79,98
43,0,85,128
2,0,28,30
35,0,6,41
33,0,45,78
75,0,8,83
9,0,39,48
90,0,79,169
58,0,40,98
91,0,18,109
38,0,46,84
26,0,86,112
68,0,49,117
66,0,88,154
90,0,94,184
99,0,66,165
51,0,81,132
3,0,19,22
8,0,20,28
32,0,26,58
42,0,97,139
11,0,67,78
74,0,19,93
75,0,75,150
3,0,84,87
36,0,62,98
60,0,68,128
93,0,46,139
17,0,50,67
41,0,63,104
50,0,28,78
98,0,47,145
83,0,6,89
82,0,89,171
85,0,32,117
83,0,71,154
10,0,48,58
43,0,26,69
20,0,2,22
14,0,84,98
43,0,91,134
30,0,11,41
28,0,50,78
70,0,13,83
94,0,19,113
92,0,58,150
76,0,69,145
53,0,45,98
77,0,51,128
86,0,23,109
23,0,71,94
61,0,93,154
85,0,99,184
22,0,30,52
38,0,26,64
62,0,32,94
95,0,10,105
99,0,72,171
42,0,38,80
75,0,16,91
27,0,31,58
30,0,78,108
70,0,80,150
58,0,48,106
100,0,11,111
22,0,95,117
94,0,86,180
60,0,9,69
55,0,73,128
7,0,11,18
12,0,12,24
91,0,91,182
93,0,52,145
7,0,76,83
40,0,54,94
64,0,60,124
62,0,99,161
38,0,93,131
97,0,38,135
21,0,42,63
45,0,55,100
67,0,100,167
54,0,20,74
78,0,33,111
100,0,78,178
13,0,46,59
79,0,15,94
25,0,35,60
10,0,28,38
89,0,24,113
87,0,63,150
39,0,35,74
72,0,13,85
23,0,77,100
47,0,83,130
56,0,55,111
24,0,59,83
78,0,100,178
80,0,61,141
57,0,37,94
81,0,43,124
79,0,82,161
90,0,15,105
89,0,91,180
95,0,16,111
56,0,70,126
9,0,40,49
15,0,96,111
42,0,18,60
72,0,80,152
99,0,2,101
70,0,86,156
7,0,17,24
31,0,23,54
86,0,96,182
64,0,1,65
26,0,87,113
2,0,81,83
35,0,59,94
64,0,66,130
38,0,99,137
16,0,4,20
97,0,44,141
95,0,83,178
71,0,77,148
74,0,20,94
11,0,68,79
96,0,65,161
44,0,46,90
32,0,14,46
66,0,91,157
27,0,78,105
100,0,84,184
49,0,47,96
71,0,92,163
82,0,25,107
32,0,79,111
59,0,1,60
83,0,7,90
65,0,57,122
14,0,20,34
63,0,13,76
48,0,6,54
46,0,45,91
72,0,19,91
79,0,23,102
50,0,81,131
74,0,87,161
19,0,21,40
43,0,27,70
41,0,66,107
65,0,72,137
76,0,5,81
80,0,67,147
79,0,88,167
88,0,60,148
30,0,12,42
28,0,51,79
82,0,92,174
50,0,96,146
61,0,29,90
59,0,68,127
83,0,74,157
85,0,35,120
89,0,97,186
66,0,30,96
72,0,86,158
99,0,8,107
19,0,88,107
43,0,94,137
76,0,72,148
31,0,3,34
29,0,42,71
11,0,9,20
96,0,6,102
90,0,88,178
30,0,79,109
34,0,43,77
58,0,49,107
61,0,96,157
67,0,21,88
91,0,27,118
95,0,89,184
44,0,52,96
68,0,58,126
42,0,91,133
66,0,97,163
75,0,69,144
99,0,75,174
27,0,84,111
51,0,90,141
60,0,62,122
100,0,14,114
8,0,29,37
3,0,93,96
75,0,84,159
12,0,65,77
36,0,71,107
60,0,77,137
69,0,49,118
93,0,55,148
91,0,94,185
13,0,47,60
46,0,25,71
74,0,93,167
76,0,11,87
98,0,56,154
21,0,95,116
12,0,80,92
54,0,73,127
84,0,4,88
47,0,19,66
45,0,58,103
23,0,13,36
6,0,45,51
78,0,36,114
82,0,98,180
59,0,74,133
83,0,80,163
92,0,52,144
14,0,93,107
20,0,11,31
63,0,60,123
87,0,66,153
48,0,53,101
15,0,32,47
19,0,94,113
85,0,93,178
30,0,20,50
70,0,22,92
92,0,67,159
76,0,78,154
55,0,15,70
53,0,54,107
77,0,60,137
86,0,32,118
23,0,80,103
47,0,86,133
84,0,71,155
37,0,96,133
91,0,33,124
94,0,80,174
38,0,35,73
62,0,41,103
64,0,2,66
71,0,13,84
95,0,19,114
99,0,81,180
15,0,99,114
70,0,89,159
100,0,20,120
31,0,76,107
55,0,82,137
64,0,54,118
86,0,99,185
2,0,84,86
8,0,9,17
32,0,15,47
69,0,55,124
93,0,61,154
91,0,100,191
67,0,94,161
100,0,72,172
7,0,85,92
18,0,18,36
16,0,57,73
40,0,63,103
64,0,69,133
17,0,39,56
97,0,47,144
73,0,41,114
50,0,17,67
80,0,3,83
78,0,42,120
100,0,87,187
79,0,24,103
16,0,72,88
25,0,44,69
49,0,50,99
1,0,65,66
82,0,28,110
8,0,76,84
32,0,82,114
10,0,37,47
63,0,66,129
87,0,72,159
48,0,59,107
46,0,98,144
15,0,38,53
81,0,37,118
79,0,76,155
18,0,85,103
72,0,22,94
52,0,45,97
84,0,77,161
47,0,92,139
89,0,85,174
23,0,86,109
56,0,64,120
80,0,70,150
33,0,40,73
57,0,46,103
39,0,96,135
81,0,52,133
79,0,91,170
66,0,18,84
90,0,24,114
88,0,63,151
89,0,100,189
95,0,25,120
9,0,49,58
2,0,25,27
42,0,27,69
66,0,33,99
75,0,5,80
99,0,11,110
51,0,26,77
27,0,20,47
2,0,90,92
26,0,96,122
35,0,68,103
96,0,59,155
12,0,1,13
36,0,7,43
34,0,46,80
40,0,69,109
73,0,47,120
97,0,53,150
95,0,92,187
71,0,86,157
74,0,29,103
1,0,6,7
96,0,74,170
11,0,77,88
44,0,55,99
42,0,94,136
5,0,42,47
21,0,31,52
27,0,87,114
54,0,9,63
25,0,50,75
49,0,56,105
82,0,34,116
8,0,82,90
32,0,88,120
17,0,47,64
59,0,10,69
41,0,60,101
43,0,21,64
65,0,66,131
83,0,16,99
98,0,44,142
3,0,96,99
14,0,29,43
12,0,68,80
36,0,74,110
18,0,91,109
52,0,51,103
50,0,90,140
74,0,96,170
19,0,30,49
41,0,75,116
85,0,29,114
76,0,14,90
21,0,98,119
84,0,7,91
90,0,30,120
88,0,69,157
4,0,54,58
28,0,60,88
37,0,32,69
61,0,38,99
59,0,77,136
85,0,44,129
43,0,88,131
94,0,16,110
20,0,64,84
22,0,25,47
77,0,48,125
42,0,33,75
72,0,95,167
75,0,11,86
99,0,17,116
30,0,73,103
58,0,43,101
19,0,97,116
70,0,25,95
20,0,79,99
31,0,12,43
29,0,51,80
53,0,57,110
55,0,18,73
86,0,35,121
68,0,52,120
90,0,97,187
30,0,88,118
34,0,52,86
37,0,99,136
67,0,30,97
91,0,36,127
22,0,92,114
100,0,8,108
38,0,38,76
44,0,61,105
42,0,100,142
21,0,37,58
75,0,78,153
99,0,84,183
51,0,99,150
27,0,93,120
54,0,15,69
60,0,71,131
31,0,79,110
14,0,35,49
12,0,74,86
36,0,80,116
47,0,13,60
45,0,52,97
69,0,58,127
67,0,97,164
87,0,8,95
13,0,56,69
63,0,2,65
46,0,34,80
18,0,21,39
79,0,12,91
54,0,82,136
84,0,13,97
23,0,22,45
45,0,67,112
89,0,21,110
47,0,28,75
80,0,6,86
6,0,54,60
39,0,32,71
59,0,83,142
94,0,22,116
92,0,61,153
77,0,54,131
47,0,80,127
63,0,69,132
26,0,17,43
24,0,56,80
48,0,62,110
15,0,41,56
76,0,87,163
31,0,18,49
29,0,57,86
53,0,63,116
62,0,35,97
86,0,41,127
84,0,80,164
23,0,89,112
2,0,26,28
56,0,67,123
24,0,71,95
35,0,4,39
33,0,43,76
67,0,36,103
70,0,83,153
94,0,89,183
22,0,98,120
55,0,76,131
40,0,5,45
38,0,44,82
62,0,50,112
71,0,22,93
95,0,28,123
26,0,84,110
32,0,9,41
42,0,30,72
3,0,17,20
70,0,98,168
7,0,79,86
31,0,85,116
55,0,91,146
64,0,63,127
2,0,93,95
8,0,18,26
32,0,24,56
35,0,71,106
65,0,2,67
69,0,64,133
46,0,40,86
18,0,27,45
16,0,66,82
40,0,72,112
79,0,18,97
49,0,44,93
17,0,48,65
71,0,89,160
73,0,50,123
1,0,59,60
50,0,26,76
74,0,32,106
54,0,88,142
89,0,27,116
56,0,6,62
78,0,51,129
39,0,38,77
72,0,16,88
25,0,53,78
88,0,5,93
10,0,46,56
8,0,85,93
59,0,13,72
43,0,24,67
63,0,75,138
48,0,68,116
81,0,46,127
79,0,85,164
18,0,94,112
72,0,31,103
30,0,9,39
28,0,48,76
52,0,54,106
50,0,93,143
76,0,67,143
19,0,33,52
23,0,95,118
56,0,73,129
80,0,79,159
35,0,10,45
33,0,49,82
57,0,55,112
66,0,27,93
90,0,33,123
88,0,72,160
51,0,20,71
4,0,57,61
37,0,35,72
22,0,28,50
71,0,28,99
26,0,90,116
42,0,36,78
3,0,23,26
27,0,29,56
75,0,14,89
51,0,35,86
36,0,1,37
60,0,7,67
58,0,46,104
2,0,99,101
11,0,71,82
96,0,68,164
35,0,77,112
41,0,2,43
75,0,79,154
65,0,8,73
68,0,55,123
12,0,10,22
36,0,16,52
91,0,89,180
34,0,55,89
73,0,56,129
97,0,62,159
50,0,32,82
11,0,86,97
83,0,10,93
44,0,64,108
21,0,40,61
5,0,51,56
3,0,90,93
27,0,96,123
54,0,18,72
60,0,74,134
25,0,59,84
82,0,43,125
8,0,91,99
10,0,52,62
74,0,90,164
59,0,19,78
43,0,30,73
65,0,75,140
41,0,69,110
76,0,8,84
98,0,53,151
14,0,38,52
12,0,77,89
63,0,5,68
47,0,16,63
46,0,37,83
28,0,54,82
52,0,60,112
50,0,99,149
61,0,32,93
85,0,38,123
83,0,77,160
76,0,23,99
84,0,16,100
78,0,98,176
90,0,39,129
4,0,63,67
37,0,41,78
61,0,47,108
59,0,86,145
43,0,97,140
70,0,19,89
22,0,34,56
20,0,73,93
92,0,64,156
94,0,25,119
55,0,12,67
77,0,57,134
26,0,20,46
75,0,20,95
99,0,26,125
30,0,82,112
60,0,13,73
58,0,52,110
94,0,90,184
91,0,30,121
7,0,15,22
31,0,21,52
55,0,27,82
29,0,60,89
62,0,38,100
67,0,39,106
100,0,17,117
16,0,2,18
40,0,8,48
95,0,81,176
97,0,42,139
5,0,57,62
75,0,87,162
54,0,24,78
60,0,80,140
100,0,82,182
87,0,2,89
93,0,58,151
7,0,82,89
92,0,3,95
8,0,21,29
14,0,44,58
12,0,83,95
36,0,89,125
23,0,16,39
63,0,11,74
47,0,22,69
69,0,67,136
45,0,61,106
6,0,48,54
46,0,43,89
48,0,4,52
79,0,21,100
18,0,30,48
1,0,62,63
54,0,91,145
84,0,22,106
23,0,31,54
89,0,30,119
87,0,69,156
56,0,9,65
79,0,86,165
6,0,63,69
15,0,35,50
39,0,41,80
94,0,31,125
77,0,63,140
47,0,89,136
2,0,20,22
26,0,26,52
24,0,65,89
48,0,71,119
72,0,84,156
81,0,49,130
29,0,66,95
64,0,5,69
62,0,44,106
86,0,50,136
84,0,89,173
95,0,22,117
2,0,35,37
11,0,7,18
35,0,13,48
9,0,46,55
96,0,4,100
33,0,52,85
94,0,98,192
16,0,8,24
38,0,53,91
1,0,1,2
71,0,31,102
26,0,93,119
32,0,18,50
99,0,73,172
3,0,26,29
7,0,88,95
31,0,94,125
64,0,72,136
17,0,42,59
97,0,50,147
8,0,27,35
74,0,26,100
11,0,74,85
96,0,71,167
41,0,5,46
65,0,11,76
18,0,36,54
79,0,27,106
16,0,75,91
25,0,47,72
49,0,53,102
1,0,68,69
17,0,57,74
10,0,40,50
50,0,35,85
32,0,85,117
98,0,54,152
83,0,13,96
5,0,54,59
88,0,14,102
82,0,96,178
83,0,78,161
10,0,55,65
8,0,94,102
19,0,27,46
43,0,33,76
20,0,9,29
63,0,84,147
26,0,32,58
81,0,55,136
79,0,94,173
43,0,98,141
30,0,18,48
28,0,57,85
4,0,51,55
76,0,76,152
11,0,13,24
96,0,10,106
9,0,52,61
33,0,58,91
66,0,36,102
90,0,42,132
99,0,14,113
51,0,29,80
4,0,66,70
27,0,23,50
61,0,100,161
94,0,78,172
22,0,37,59
42,0,45,87
3,0,32,35
75,0,23,98
27,0,38,65
12,0,4,16
30,0,85,115
34,0,49,83
60,0,16,76
58,0,55,113
36,0,10,46
7,0,18,25
11,0,80,91
96,0,77,173
35,0,86,121
41,0,11,52
68,0,64,132
21,0,34,55
51,0,96,147
93,0,59,152
91,0,98,189
12,0,19,31
83,0,19,102
21,0,49,70
3,0,99,102
45,0,62,107
5,0,60,65
54,0,27,81
36,0,77,113
78,0,40,118
100,0,85,185
87,0,5,92
13,0,53,66
8,0,100,108
43,0,39,82
92,0,6,98
20,0,15,35
14,0,47,61
23,0,19,42
24,0,1,25
30,0,24,54
28,0,63,91
52,0,69,121
85,0,47,132
83,0,86,169
29,0,2,31
47,0,90,137
56,0,62,118
80,0,68,148
39,0,94,133
37,0,50,87
70,0,28,98
22,0,43,65
20,0,82,102
31,0,15,46
55,0,21,76
53,0,60,113
95,0,23,118
2,0,23,25
26,0,29,55
30,0,91,121
70,0,93,163
7,0,24,31
31,0,30,61
40,0,2,42
64,0,8,72
38,0,41,79
35,0,66,101
11,0,10,21
45,0,3,48
67,0,48,115
100,0,26,126
64,0,73,137
55,0,88,143
16,0,11,27
95,0,90,185
71,0,84,155
97,0,51,148
1,0,4,5
32,0,21,53
54,0,33,87
100,0,91,191
87,0,11,98
13,0,59,72
7,0,91,98
49,0,54,103
82,0,32,114
32,0,86,118
17,0,45,62
65,0,64,129
12,0,92,104
47,0,31,78
24,0,7,31
46,0,52,98
79,0,30,109
50,0,88,138
54,0,100,154
80,0,74,154
89,0,39,128
79,0,95,174
6,0,72,78
48,0,65,113
15,0,44,59
82,0,99,181
2,0,29,31
26,0,35,61
24,0,74,98
35,0,7,42
72,0,93,165
57,0,52,109
99,0,15,114
64,0,14,78
11,0,16,27
90,0,95,185
96,0,13,109
9,0,55,64
35,0,22,57
34,0,50,84
67,0,28,95
95,0,96,191
73,0,1,74
2,0,96,98
44,0,59,103
32,0,27,59
68,0,65,133
42,0,98,140
75,0,76,151
99,0,82,181
51,0,97,148
65,0,5,70
60,0,69,129
3,0,35,38
36,0,13,49
17,0,51,68
50,0,29,79
74,0,35,109
41,0,14,55
36,0,78,114
69,0,56,125
16,0,84,100
49,0,62,111
1,0,77,78
74,0,100,174
52,0,5,57
32,0,94,126
76,0,18,94
98,0,63,161
59,0,16,75
54,0,80,134
84,0,11,95
88,0,23,111
59,0,81,140
83,0,87,170
92,0,59,151
19,0,36,55
20,0,18,38
14,0,100,114
4,0,60,64
28,0,66,94
70,0,29,99
85,0,100,185
76,0,85,161
30,0,27,57
61,0,44,105
55,0,22,77
53,0,61,114
86,0,39,125
84,0,78,162
68,0,6,74
51,0,38,89
91,0,40,131
94,0,87,181
71,0,20,91
99,0,88,187
3,0,41,44
36,0,19,55
70,0,96,166
34,0,58,92
31,0,83,114
55,0,89,144
64,0,61,125
21,0,43,64
69,0,62,131
12,0,28,40
54,0,21,75
93,0,68,161
100,0,79,179
45,0,6,51
16,0,64,80
73,0,48,121
5,0,69,74
80,0,10,90
78,0,49,127
100,0,94,194
63,0,8,71
13,0,62,75
48,0,1,49
88,0,3,91
53,0,2,55
77,0,8,85
87,0,79,166
63,0,73,136
48,0,66,114
23,0,28,51
15,0,45,60
81,0,44,125
18,0,92,110
6,0,60,66
79,0,83,162
72,0,29,101
24,0,10,34
84,0,84,168
23,0,93,116
89,0,92,181
56,0,71,127
80,0,77,157
57,0,53,110
66,0,25,91
90,0,31,121
88,0,70,158
94,0,93,187
37,0,59,96
70,0,37,107
22,0,52,74
20,0,91,111
55,0,30,85
53,0,69,122
95,0,32,127
2,0,32,34
72,0,96,168
75,0,12,87
7,0,33,40
40,0,11,51
38,0,50,88
2,0,97,99
96,0,66,162
35,0,75,110
65,0,6,71
90,0,98,188
40,0,76,116
73,0,54,127
97,0,60,157
71,0,93,164
95,0,99,194
74,0,36,110
1,0,13,14
8,0,24,32
5,0,49,54
3,0,88,91
25,0,57,82
82,0,41,123
8,0,89,97
32,0,95,127
17,0,54,71
59,0,17,76
41,0,67,108
65,0,73,138
76,0,6,82
98,0,51,149
18,0,98,116
52,0,58,110
50,0,97,147
88,0,11,99
19,0,37,56
85,0,36,121
90,0,37,127
88,0,76,164
4,0,61,65
37,0,39,76
59,0,84,143
43,0,95,138
70,0,17,87
94,0,23,117
20,0,71,91
92,0,62,154
77,0,55,132
26,0,44,70
42,0,40,82
75,0,18,93
99,0,24,123
30,0,80,110
58,0,50,108
91,0,28,119
66,0,98,164
11,0,25,36
44,0,3,47
34,0,59,93
27,0,35,62
67,0,37,104
91,0,43,134
93,0,4,97
22,0,99,121
100,0,15,115
44,0,68,112
75,0,85,160
99,0,91,190
27,0,100,127
54,0,22,76
60,0,78,138
12,0,16,28
65,0,79,144
74,0,44,118
98,0,57,155
14,0,42,56
12,0,81,93
36,0,87,123
47,0,20,67
45,0,59,104
69,0,65,134
93,0,71,164
79,0,19,98
4,0,2,6
83,0,81,164
28,0,8,36
59,0,25,84
54,0,89,143
84,0,20,104
23,0,29,52
89,0,28,117
56,0,7,63
6,0,61,67
78,0,52,130
15,0,33,48
39,0,39,78
59,0,90,149
94,0,29,123
76,0,79,155
92,0,68,160
77,0,61,138
47,0,87,134
63,0,76,139
26,0,24,50
24,0,63,87
76,0,94,170
29,0,64,93
53,0,70,123
64,0,3,67
62,0,42,104
86,0,48,134
84,0,87,171
23,0,96,119
56,0,74,130
11,0,5,16
96,0,2,98
67,0,43,110
70,0,90,160
94,0,96,190
100,0,21,121
55,0,83,138
40,0,12,52
38,0,51,89
71,0,29,100
95,0,35,130
26,0,91,117
75,0,91,166
7,0,86,93
31,0,92,123
13,0,4,17
55,0,98,153
40,0,64,104
64,0,70,134
8,0,25,33
41,0,3,44
69,0,71,140
46,0,47,93
100,0,88,188
79,0,25,104
18,0,34,52
16,0,73,89
6,0,2,8
40,0,79,119
49,0,51,100
73,0,57,130
71,0,96,167
1,0,66,67
54,0,95,149
87,0,73,160
56,0,13,69
78,0,58,136
39,0,45,84
24,0,4,28
48,0,10,58
72,0,23,95
25,0,60,85
88,0,12,100
92,0,74,166
8,0,92,100
10,0,53,63
43,0,31,74
63,0,82,145
47,0,93,140
80,0,71,151
48,0,75,123
81,0,53,134
79,0,92,171
72,0,38,110
30,0,16,46
28,0,55,83
84,0,93,177
56,0,80,136
80,0,86,166
35,0,17,52
33,0,56,89
57,0,62,119
66,0,34,100
90,0,40,130
72,0,90,162
88,0,79,167
51,0,27,78
71,0,35,106
26,0,97,123
44,0,4,48
42,0,43,85
3,0,30,33
27,0,36,63
99,0,27,126
75,0,21,96
36,0,8,44
60,0,14,74
58,0,53,111
64,0,76,140
97,0,54,151
95,0,93,188
11,0,78,89
96,0,75,171
35,0,84,119
65,0,15,80
68,0,62,130
51,0,94,145
12,0,17,29
16,0,79,95
49,0,57,106
73,0,63,136
82,0,35,117
50,0,39,89
32,0,89,121
83,0,17,100
44,0,71,115
5,0,58,63
3,0,97,100
60,0,81,141
82,0,50,132
8,0,98,106
74,0,97,171
43,0,37,80
41,0,76,117
59,0,26,85
65,0,82,147
76,0,15,91
92,0,4,96
98,0,60,158
14,0,45,59
12,0,84,96
47,0,23,70
79,0,98,177
28,0,61,89
52,0,67,119
61,0,39,100
4,0,5,9
83,0,84,167
85,0,45,130
76,0,30,106
90,0,46,136
88,0,85,173
4,0,70,74
37,0,48,85
19,0,98,117
59,0,93,152
61,0,54,115
70,0,26,96
94,0,32,126
22,0,41,63
20,0,80,100
92,0,71,163
55,0,19,74
53,0,58,111
77,0,64,141
75,0,27,102
30,0,89,119
60,0,20,80
58,0,59,117
91,0,37,128
7,0,22,29
31,0,28,59
29,0,67,96
64,0,6,70
62,0,45,107
96,0,81,177
68,0,68,136
99,0,85,184
51,0,100,151
45,0,1,46
69,0,7,76
67,0,46,113
91,0,52,143
100,0,24,124
75,0,94,169
54,0,31,85
36,0,81,117
60,0,87,147
87,0,9,96
93,0,65,158
7,0,89,96
31,0,95,126
41,0,82,123
92,0,10,102
98,0,66,164
14,0,51,65
12,0,90,102
36,0,96,132
23,0,23,46
47,0,29,76
45,0,68,113
69,0,74,143
63,0,18,81
80,0,7,87
48,0,11,59
24,0,5,29
46,0,50,96
79,0,28,107
16,0,76,92
85,0,51,136
83,0,90,173
54,0,98,152
84,0,29,113
89,0,37,126
87,0,76,163
56,0,16,72
6,0,70,76
15,0,42,57
39,0,48,87
72,0,26,98
70,0,32,102
94,0,38,132
20,0,86,106
92,0,77,169
53,0,64,117
77,0,70,147
86,0,42,128
23,0,90,113
47,0,96,143
26,0,33,59
24,0,72,96
48,0,78,126
81,0,56,137
29,0,73,102
64,0,12,76
62,0,51,113
86,0,57,143
84,0,96,180
38,0,45,83
95,0,29,124
11,0,14,25
35,0,20,55
33,0,59,92
96,0,11,107
9,0,53,62
66,0,37,103
51,0,30,81
70,0,99,169
100,0,30,130
55,0,92,147
16,0,15,31
1,0,8,9
71,0,38,109
2,0,94,96
26,0,100,126
32,0,25,57
65,0,3,68
13,0,13,26
7,0,95,102
40,0,73,113
64,0,79,143
17,0,49,66
97,0,57,154
8,0,34,42
74,0,33,107
11,0,81,92
96,0,78,174
41,0,12,53
65,0,18,83
45,0,74,119
80,0,13,93
100,0,97,197
18,0,43,61
16,0,82,98
40,0,88,128
79,0,34,113
25,0,54,79
49,0,60,109
17,0,64,81
1,0,75,76
52,0,3,55
10,0,47,57
32,0,92,124
50,0,42,92
83,0,20,103
89,0,43,132
87,0,82,169
39,0,54,93
72,0,32,104
25,0,69,94
88,0,21,109
10,0,62,72
19,0,34,53
43,0,40,83
41,0,79,120
24,0,78,102
57,0,56,113
81,0,62,143
90,0,34,124
30,0,25,55
28,0,64,92
4,0,58,62
52,0,70,122
56,0,89,145
9,0,59,68
33,0,65,98
96,0,17,113
42,0,37,79
66,0,43,109
90,0,49,139
72,0,99,171
68,0,4,72
27,0,30,57
99,0,21,120
51,0,36,87
37,0,51,88
20,0,83,103
2,0,100,102
35,0,78,113
42,0,52,94
75,0,30,105
27,0,45,72
3,0,39,42
30,0,92,122
36,0,17,53
60,0,23,83
58,0,62,120
34,0,56,90
93,0,1,94
64,0,85,149
74,0,39,113
11,0,87,98
35,0,93,128
41,0,18,59
96,0,84,180
44,0,65,109
68,0,71,139
98,0,2,100
21,0,41,62
12,0,26,38
45,0,4,49
49,0,66,115
73,0,72,145
82,0,44,126
32,0,98,130
59,0,20,79
83,0,26,109
65,0,76,141
5,0,67,72
21,0,56,77
14,0,39,53
54,0,34,88
36,0,84,120
87,0,12,99
13,0,60,73
50,0,100,150
19,0,40,59
43,0,46,89
41,0,85,126
76,0,24,100
20,0,22,42
92,0,13,105
77,0,6,83
14,0,54,68
23,0,26,49
47,0,32,79
30,0,31,61
28,0,70,98
52,0,76,128
61,0,48,109
85,0,54,139
83,0,93,176
59,0,87,146
29,0,9,38
66,0,49,115
88,0,94,182
51,0,42,93
37,0,57,94
70,0,35,105
22,0,50,72
76,0,91,167
20,0,89,109
31,0,22,53
55,0,28,83
29,0,61,90
53,0,67,120
2,0,30,32
30,0,98,128
36,0,23,59
70,0,100,170
34,0,62,96
58,0,68,126
69,0,1,70
93,0,7,100
67,0,40,107
91,0,46,137
7,0,31,38
31,0,37,68
29,0,76,105
16,0,3,19
40,0,9,49
38,0,48,86
64,0,15,79
68,0,77,145
45,0,10,55
67,0,55,122
100,0,33,133
55,0,95,150
71,0,91,162
16,0,18,34
1,0,11,12
32,0,28,60
54,0,40,94
36,0,90,126
60,0,96,156
63,0,12,75
87,0,18,105
69,0,68,137
93,0,74,167
13,0,66,79
48,0,5,53
46,0,44,90
7,0,98,105
17,0,52,69
12,0,99,111
54,0,92,146
84,0,23,107
47,0,38,85
45,0,77,122
23,0,32,55
56,0,10,66
80,0,16,96
78,0,55,133
6,0,64,70
24,0,14,38
46,0,59,105
79,0,37,116
80,0,81,161
63,0,79,142
87,0,85,172
89,0,46,135
56,0,25,81
48,0,72,120
33,0,1,34
15,0,51,66
39,0,57,96
72,0,35,107
70,0,41,111
92,0,86,178
55,0,34,89
53,0,73,126
77,0,79,156
86,0,51,137
23,0,99,122
2,0,36,38
26,0,42,68
24,0,81,105
72,0,100,172
96,0,5,101
57,0,59,116
35,0,14,49
40,0,15,55
38,0,54,92
62,0,60,122
64,0,21,85
71,0,32,103
95,0,38,133
11,0,23,34
9,0,62,71
96,0,20,116
35,0,29,64
44,0,1,45
68,0,7,75
27,0,33,60
51,0,39,90
49,0,2,51
8,0,28,36
32,0,34,66
65,0,12,77
75,0,83,158
5,0,3,8
3,0,42,45
36,0,20,56
18,0,37,55
40,0,82,122
64,0,88,152
73,0,60,133
97,0,66,163
1,0,69,70
17,0,58,75
50,0,36,86
74,0,42,116
11,0,90,101
41,0,21,62
79,0,43,122
16,0,91,107
88,0,15,103
25,0,63,88
49,0,69,118
1,0,84,85
28,0,6,34
52,0,12,64
50,0,51,101
8,0,95,103
10,0,56,66
82,0,47,129
59,0,23,82
89,0,52,141
72,0,41,113
59,0,88,147
30,0,19,49
52,0,64,116
92,0,66,158
19,0,43,62
20,0,25,45
53,0,3,56
57,0,65,122
81,0,71,152
90,0,43,133
88,0,82,170
4,0,67,71
28,0,73,101
30,0,34,64
58,0,4,62
61,0,51,112
9,0,68,77
44,0,7,51
68,0,13,81
66,0,52,118
42,0,46,88
75,0,24,99
27,0,39,66
51,0,45,96
99,0,30,129
60,0,17,77
94,0,94,188
99,0,95,194
3,0,48,51
12,0,20,32
36,0,26,62
60,0,32,92
34,0,65,99
69,0,4,73
13,0,2,15
74,0,48,122
11,0,96,107
96,0,93,189
44,0,74,118
98,0,11,109
5,0,61,66
21,0,50,71
93,0,75,168
54,0,28,82
12,0,35,47
45,0,13,58
100,0,86,186
59,0,29,88
83,0,35,118
92,0,7,99
5,0,76,81
14,0,48,62
12,0,87,99
63,0,15,78
13,0,69,82
48,0,8,56
19,0,49,68
41,0,94,135
76,0,33,109
29,0,3,32
53,0,9,62
77,0,15,92
84,0,26,110
23,0,35,58
79,0,90,169
6,0,67,73
24,0,17,41
4,0,73,77
28,0,79,107
61,0,57,118
59,0,96,155
85,0,63,148
94,0,35,129
22,0,44,66
23,0,100,123
84,0,91,175
89,0,99,188
56,0,78,134
70,0,44,114
20,0,98,118
7,0,25,32
31,0,31,62
55,0,37,92
53,0,76,129
29,0,70,99
64,0,9,73
86,0,54,140
2,0,39,41
93,0,16,109
91,0,55,146
7,0,40,47
16,0,12,28
40,0,18,58
38,0,57,95
1,0,5,6
96,0,73,169
6,0,6,12
31,0,98,129
73,0,61,134
71,0,100,171
1,0,20,21
8,0,31,39
63,0,21,84
87,0,27,114
13,0,75,88
48,0,14,62
46,0,53,99
25,0,64,89
79,0,31,110
18,0,40,58
8,0,96,104
17,0,61,78
41,0,74,115
23,0,41,64
47,0,47,94
56,0,19,75
80,0,25,105
6,0,73,79
57,0,1,58
81,0,7,88
39,0,51,90
88,0,18,106
4,0,3,7
10,0,59,69
63,0,88,151
26,0,36,62
24,0,75,99
48,0,81,129
90,0,44,134
88,0,83,171
15,0,60,75
9,0,4,13
2,0,45,47
26,0,51,77
11,0,17,28
96,0,14,110
33,0,62,95
35,0,23,58
30,0,87,117
91,0,35,126
34,0,1,35
40,0,24,64
62,0,69,131
97,0,8,105
95,0,47,142
11,0,32,43
9,0,71,80
44,0,10,54
27,0,42,69
25,0,5,30
49,0,11,60
8,0,37,45
32,0,43,75
44,0,75,119
35,0,90,125
41,0,15,56
75,0,92,167
99,0,98,197
65,0,21,86
60,0,85,145
12,0,23,35
13,0,5,18
17,0,67,84
65,0,86,151
52,0,6,58
50,0,45,95
74,0,51,125
98,0,64,162
12,0,88,100
21,0,53,74
47,0,27,74
45,0,66,111
80,0,5,85
25,0,72,97
4,0,9,13
28,0,15,43
10,0,65,75
43,0,43,86
59,0,32,91
20,0,19,39
77,0,3,80
59,0,97,156
30,0,28,58
28,0,67,95
52,0,73,125
94,0,36,130
92,0,75,167
76,0,86,162
19,0,52,71
77,0,68,145
29,0,6,35
47,0,94,141
4,0,76,80
30,0,43,73
34,0,7,41
37,0,54,91
29,0,71,100
22,0,47,69
62,0,49,111
95,0,27,122
44,0,16,60
42,0,55,97
27,0,48,75
51,0,54,105
60,0,26,86
70,0,97,167
100,0,28,128
55,0,90,145
31,0,34,65
75,0,98,173
12,0,29,41
36,0,35,71
45,0,7,52
69,0,13,82
13,0,11,24
31,0,99,130
40,0,71,111
64,0,77,141
44,0,83,127
21,0,59,80
69,0,78,147
54,0,37,91
100,0,95,195
6,0,9,15
49,0,58,107
87,0,80,167
14,0,57,71
56,0,20,76
12,0,96,108
78,0,65,143
47,0,35,82
13,0,78,91
39,0,52,91
24,0,11,35
48,0,17,65
72,0,30,102
29,0,12,41
53,0,18,71
63,0,89,152
47,0,100,147
80,0,78,158
84,0,35,119
48,0,82,130
81,0,60,141
79,0,99,178
84,0,100,184
56,0,87,143
80,0,93,173
33,0,63,96
26,0,39,65
68,0,2,70
66,0,41,107
72,0,97,169
31,0,40,71
29,0,79,108
71,0,42,113
64,0,18,82
62,0,57,119
64,0,83,147
97,0,61,158
95,0,100,195
40,0,27,67
16,0,21,37
17,0,3,20
96,0,82,178
1,0,14,15
65,0,22,87
11,0,85,96
44,0,63,107
68,0,69,137
35,0,91,126
78,0,6,84
49,0,64,113
73,0,70,143
82,0,42,124
50,0,46,96
25,0,8,33
83,0,24,107
65,0,74,139
8,0,40,48
10,0,1,11
63,0,30,93
48,0,23,71
46,0,62,108
81,0,1,82
18,0,49,67
82,0,57,139
1,0,81,82
43,0,44,87
41,0,83,124
65,0,89,154
28,0,3,31
76,0,22,98
98,0,67,165
33,0,4,37
57,0,10,67
52,0,74,126
61,0,46,107
85,0,52,137
4,0,12,16
83,0,91,174
59,0,85,144
48,0,90,138
88,0,92,180
70,0,33,103
58,0,1,59
53,0,65,118
2,0,54,56
35,0,32,67
33,0,71,104
75,0,34,109
68,0,10,78
30,0,96,126
60,0,27,87
58,0,66,124
93,0,5,98
91,0,44,135
68,0,75,143
99,0,92,191
5,0,6,11
3,0,45,48
45,0,8,53
69,0,14,83
67,0,53,120
100,0,31,131
54,0,38,92
36,0,88,124
60,0,94,154
87,0,16,103
93,0,72,165
17,0,76,93
41,0,89,130
52,0,15,67
50,0,54,104
98,0,73,171
14,0,58,72
12,0,97,109
47,0,36,83
45,0,75,120
69,0,81,150
80,0,14,94
78,0,53,131
4,0,18,22
83,0,97,180
85,0,58,143
20,0,28,48
84,0,36,120
89,0,44,133
87,0,83,170
15,0,49,64
70,0,39,109
94,0,45,139
92,0,84,176
76,0,95,171
53,0,71,124
77,0,77,154
86,0,49,135
29,0,15,44
23,0,97,120
29,0,80,109
22,0,56,78
64,0,19,83
62,0,58,120
86,0,64,150
95,0,36,131
100,0,37,137
55,0,99,154
7,0,37,44
71,0,45,116
32,0,32,64
65,0,10,75
93,0,78,171
40,0,80,120
64,0,86,150
97,0,64,161
74,0,40,114
21,0,68,89
45,0,81,126
54,0,46,100
80,0,20,100
78,0,59,137
87,0,24,111
81,0,2,83
18,0,50,68
79,0,41,120
6,0,18,24
16,0,89,105
25,0,61,86
49,0,67,116
73,0,73,146
1,0,82,83
10,0,54,64
32,0,99,131
89,0,50,139
87,0,89,176
39,0,61,100
24,0,20,44
88,0,28,116
72,0,39,111
19,0,41,60
56,0,81,137
24,0,85,109
80,0,87,167
57,0,63,120
81,0,69,150
9,0,1,10
90,0,41,131
4,0,65,69
95,0,42,137
38,0,8,46
56,0,96,152
9,0,66,75
33,0,72,105
96,0,24,120
42,0,44,86
66,0,50,116
90,0,56,146
68,0,11,79
99,0,28,127
51,0,43,94
35,0,85,120
3,0,46,49
36,0,24,60
34,0,63,97
91,0,47,138
64,0,92,156
97,0,70,167
74,0,46,120
17,0,12,29
96,0,91,187
41,0,25,66
11,0,94,105
1,0,23,24
44,0,72,116
68,0,78,146
35,0,100,135
98,0,9,107
21,0,48,69
49,0,73,122
82,0,51,133
59,0,27,86
83,0,33,116
65,0,83,148
92,0,5,97
5,0,74,79
14,0,46,60
36,0,91,127
19,0,47,66
43,0,53,96
41,0,92,133
65,0,98,163
4,0,6,10
28,0,12,40
76,0,31,107
92,0,20,112
20,0,29,49
98,0,76,174
53,0,7,60
23,0,33,56
88,0,86,174
30,0,38,68
28,0,77,105
61,0,55,116
85,0,61,146
59,0,94,153
83,0,100,183
94,0,33,127
66,0,56,122
99,0,34,133
37,0,64,101
70,0,42,112
22,0,57,79
76,0,98,174
20,0,96,116
94,0,48,142
31,0,29,60
55,0,35,90
53,0,74,127
77,0,80,157
29,0,68,97
34,0,69,103
58,0,75,133
69,0,8,77
93,0,14,107
91,0,53,144
67,0,47,114
7,0,38,45
16,0,10,26
40,0,16,56
38,0,55,93
44,0,78,122
68,0,84,152
75,0,95,170
60,0,88,148
3,0,54,57
45,0,17,62
5,0,15,20
67,0,62,129
100,0,40,140
13,0,8,21
12,0,91,103
36,0,97,133
63,0,19,82
87,0,25,112
69,0,75,144
93,0,81,174
13,0,73,86
46,0,51,97
40,0,83,123
76,0,37,113
98,0,82,180
54,0,99,153
23,0,39,62
47,0,45,92
45,0,84,129
84,0,30,114
56,0,17,73
24,0,21,45
6,0,71,77
78,0,62,140
80,0,23,103
39,0,49,88
59,0,100,159
92,0,78,170
20,0,37,57
89,0,53,142
63,0,86,149
87,0,92,179
56,0,32,88
48,0,79,127
15,0,58,73
39,0,64,103
72,0,42,114
70,0,48,118
92,0,93,185
55,0,41,96
53,0,80,133
77,0,86,163
86,0,58,144
84,0,97,181
2,0,43,45
26,0,49,75
24,0,88,112
96,0,12,108
35,0,21,56
57,0,66,123
91,0,59,150
40,0,22,62
64,0,28,92
38,0,61,99
62,0,67,129
71,0,39,110
97,0,6,103
95,0,45,140
9,0,69,78
96,0,27,123
44,0,8,52
42,0,47,89
27,0,40,67
78,0,1,79
100,0,46,146
64,0,80,144
25,0,3,28
49,0,9,58
71,0,54,125
8,0,35,43
32,0,41,73
41,0,13,54
65,0,19,84
93,0,87,180
16,0,83,99
40,0,89,129
64,0,95,159
73,0,67,140
17,0,65,82
97,0,73,170
52,0,4,56
50,0,43,93
74,0,49,123
11,0,97,108
41,0,28,69
80,0,29,109
78,0,68,146
79,0,50,129
16,0,98,114
88,0,22,110
25,0,70,95
49,0,76,125
1,0,91,92
4,0,7,11
28,0,13,41
82,0,54,136
10,0,63,73
59,0,30,89
20,0,17,37
63,0,92,155
87,0,98,185
48,0,85,133
15,0,64,79
81,0,63,144
72,0,48,120
30,0,26,56
52,0,71,123
19,0,50,69
56,0,90,146
80,0,96,176
33,0,66,99
57,0,72,129
81,0,78,159
66,0,44,110
90,0,50,140
88,0,89,177
9,0,10,19
30,0,41,71
4,0,74,78
34,0,5,39
58,0,11,69
28,0,80,108
61,0,58,119
95,0,51,146
9,0,75,84
44,0,14,58
68,0,20,88
42,0,53,95
66,0,59,125
75,0,31,106
99,0,37,136
51,0,52,103
27,0,46,73
60,0,24,84
35,0,94,129
96,0,85,181
65,0,25,90
98,0,3,101
3,0,55,58
12,0,27,39
36,0,33,69
34,0,72,106
60,0,39,99
69,0,11,80
93,0,17,110
40,0,95,135
97,0,79,176
74,0,55,129
96,0,100,196
44,0,81,125
98,0,18,116
21,0,57,78
5,0,68,73
54,0,35,89
45,0,20,65
6,0,7,13
25,0,76,101
82,0,60,142
59,0,36,95
41,0,86,127
83,0,42,125
43,0,47,90
65,0,92,157
76,0,25,101
92,0,14,106
98,0,70,168
5,0,83,88
77,0,7,84
14,0,55,69
12,0,94,106
36,0,100,136
63,0,22,85
13,0,76,89
48,0,15,63
52,0,77,129
19,0,56,75
85,0,55,140
92,0,29,121
76,0,40,116
29,0,10,39
53,0,16,69
77,0,22,99
23,0,42,65
84,0,33,117
6,0,74,80
4,0,80,84
28,0,86,114
37,0,58,95
61,0,64,125
85,0,70,155
22,0,51,73
20,0,90,110
92,0,81,173
94,0,42,136
55,0,29,84
77,0,74,151
62,0,3,65
42,0,59,101
75,0,37,112
99,0,43,142
30,0,99,129
58,0,69,127
70,0,51,121
31,0,38,69
29,0,77,106
53,0,83,136
55,0,44,99
64,0,16,80
86,0,61,147
34,0,78,112
69,0,17,86
67,0,56,123
91,0,62,153
93,0,23,116
100,0,34,134
7,0,47,54
16,0,19,35
40,0,25,65
38,0,64,102
1,0,12,13
73,0,3,76
44,0,87,131
21,0,63,84
54,0,41,95
60,0,97,157
87,0,19,106
78,0,4,82
6,0,13,19
13,0,17,30
25,0,6,31
8,0,38,46
14,0,61,75
12,0,100,112
63,0,28,91
87,0,34,121
69,0,84,153
45,0,78,123
13,0,82,95
47,0,39,86
48,0,21,69
46,0,60,106
79,0,38,117
18,0,47,65
1,0,79,80
84,0,39,123
23,0,48,71
89,0,47,136
45,0,93,138
56,0,26,82
80,0,32,112
6,0,80,86
33,0,2,35
57,0,8,65
81,0,14,95
39,0,58,97
88,0,25,113
10,0,66,76
63,0,95,158
26,0,43,69
24,0,82,106
48,0,88,136
9,0,11,20
15,0,67,82
31,0,44,75
29,0,83,112
53,0,89,142
64,0,22,86
62,0,61,123
86,0,67,153
2,0,52,54
26,0,58,84
24,0,97,121
56,0,93,149
11,0,24,35
35,0,30,65
96,0,21,117
57,0,75,132
33,0,69,102
40,0,31,71
38,0,70,108
49,0,3,52
73,0,9,82
71,0,48,119
97,0,15,112
95,0,54,149
32,0,35,67
11,0,39,50
96,0,36,132
9,0,78,87
44,0,17,61
42,0,56,98
5,0,4,9
3,0,43,46
27,0,49,76
64,0,89,153
25,0,12,37
10,0,5,15
8,0,44,52
32,0,50,82
35,0,97,132
41,0,22,63
65,0,28,93
98,0,6,104
12,0,30,42
46,0,66,112
18,0,53,71
79,0,44,123
40,0,98,138
16,0,92,108
49,0,70,119
1,0,85,86
17,0,74,91
73,0,76,149
52,0,13,65
50,0,52,102
74,0,58,132
98,0,71,169
78,0,77,155
88,0,31,119
25,0,79,104
4,0,16,20
10,0,72,82
59,0,39,98
43,0,50,93
92,0,17,109
20,0,26,46
77,0,10,87
48,0,94,142
81,0,72,153
72,0,57,129
30,0,35,65
28,0,74,102
52,0,80,132
58,0,5,63
76,0,93,169
19,0,59,78
29,0,13,42
35,0,36,71
33,0,75,108
57,0,81,138
68,0,14,82
66,0,53,119
90,0,59,149
88,0,98,186
51,0,46,97
30,0,50,80
4,0,83,87
34,0,14,48
37,0,61,98
22,0,54,76
44,0,23,67
42,0,62,104
3,0,49,52
75,0,40,115
51,0,61,112
27,0,55,82
36,0,27,63
60,0,33,93
58,0,72,130
31,0,41,72
65,0,34,99
68,0,81,149
98,0,12,110
12,0,36,48
36,0,42,78
34,0,81,115
45,0,14,59
69,0,20,89
67,0,59,126
13,0,18,31
16,0,22,38
50,0,58,108
1,0,15,16
83,0,36,119
44,0,90,134
5,0,77,82
21,0,66,87
69,0,85,154
54,0,44,98
60,0,100,160
6,0,16,22
82,0,69,151
59,0,45,104
92,0,23,115
98,0,79,177
53,0,10,63
77,0,16,93
14,0,64,78
87,0,87,174
63,0,31,94
47,0,42,89
13,0,85,98
24,0,18,42
48,0,24,72
46,0,63,109
15,0,3,18
52,0,86,138
85,0,64,149
76,0,49,125
29,0,19,48
53,0,25,78
86,0,3,89
84,0,42,126
80,0,85,165
33,0,5,38
4,0,89,93
37,0,67,104
61,0,73,134
70,0,45,115
22,0,60,82
94,0,51,145
20,0,99,119
92,0,90,182
55,0,38,93
53,0,77,130
77,0,83,160
38,0,6,44
26,0,46,72
7,0,41,48
31,0,47,78
55,0,53,108
29,0,86,115
40,0,19,59
64,0,25,89
62,0,64,126
69,0,26,95
67,0,65,132
46,0,2,48
100,0,43,143
16,0,28,44
97,0,68,165
40,0,34,74
49,0,6,55
1,0,21,22
73,0,12,85
17,0,10,27
54,0,50,104
87,0,28,115
78,0,13,91
25,0,15,40
10,0,8,18
8,0,47,55
14,0,70,84
63,0,37,100
69,0,93,162
24,0,24,48
48,0,30,78
46,0,69,115
57,0,2,59
81,0,8,89
18,0,56,74
16,0,95,111
79,0,47,126
1,0,88,89
28,0,10,38
52,0,16,68
84,0,48,132
23,0,57,80
89,0,56,145
87,0,95,182
56,0,35,91
6,0,89,95
9,0,5,14
33,0,11,44
15,0,61,76
39,0,67,106
57,0,17,74
72,0,45,117
4,0,19,23
2,0,46,48
26,0,52,78
24,0,91,115
48,0,97,145
88,0,99,187
81,0,75,156
58,0,8,66
86,0,76,162
2,0,61,63
11,0,33,44
35,0,39,74
33,0,78,111
9,0,72,81
96,0,30,126
68,0,17,85
51,0,49,100
16,0,34,50
38,0,79,117
73,0,18,91
71,0,57,128
1,0,27,28
68,0,82,150
32,0,44,76
99,0,99,198
21,0,2,23
3,0,52,55
5,0,13,18
17,0,68,85
82,0,5,87
8,0,53,61
74,0,52,126
11,0,100,111
96,0,97,193
41,0,31,72
65,0,37,102
36,0,95,131
69,0,73,142
18,0,62,80
17,0,83,100
1,0,94,95
28,0,16,44
52,0,22,74
50,0,61,111
98,0,80,178
83,0,39,122
5,0,80,85
90,0,1,91
88,0,40,128
4,0,25,29
85,0,65,150
10,0,81,91
37,0,3,40
19,0,53,72
61,0,9,70
43,0,59,102
20,0,35,55
53,0,13,66
77,0,19,96
4,0,77,81
28,0,83,111
34,0,8,42
58,0,14,72
92,0,91,183
30,0,44,74
86,0,56,142
84,0,95,179
29,0,22,51
90,0,68,158
4,0,92,96
67,0,1,68
22,0,63,85
42,0,71,113
5,0,19,24
75,0,49,124
27,0,64,91
3,0,58,61
36,0,36,72
60,0,42,102
58,0,81,139
100,0,44,144
13,0,12,25
93,0,20,113
7,0,44,51
21,0,60,81
14,0,6,20
93,0,85,178
12,0,45,57
45,0,23,68
6,0,10,16
40,0,87,127
46,0,5,51
1,0,24,25
5,0,86,91
21,0,75,96
45,0,88,133
54,0,53,107
78,0,66,144
87,0,31,118
13,0,79,92
6,0,25,31
25,0,68,93
39,0,3,42
92,0,32,124
20,0,41,61
89,0,57,146
87,0,96,183
14,0,73,87
53,0,19,72
77,0,25,102
23,0,45,68
39,0,68,107
24,0,27,51
72,0,46,118
29,0,28,57
62,0,6,68
86,0,12,98
24,0,92,116
80,0,94,174
56,0,88,144
57,0,70,127
90,0,48,138
9,0,8,17
22,0,69,91
55,0,47,102
95,0,49,144
2,0,49,51
26,0,55,81
42,0,51,93
7,0,50,57
31,0,56,87
40,0,28,68
64,0,34,98
38,0,67,105
17,0,4,21
35,0,92,127
97,0,12,109
11,0,36,47
16,0,37,53
97,0,77,174
25,0,9,34
49,0,15,64
17,0,19,36
96,0,98,194
1,0,30,31
10,0,2,12
44,0,79,123
32,0,47,79
49,0,80,129
39,0,9,48
82,0,58,140
17,0,71,88
65,0,90,155
92,0,12,104
24,0,33,57
46,0,78,124
57,0,11,68
81,0,17,98
79,0,56,135
19,0,54,73
43,0,60,103
41,0,99,140
28,0,19,47
4,0,13,17
76,0,38,114
80,0,100,180
9,0,14,23
33,0,20,53
39,0,76,115
28,0,84,112
61,0,62,123
94,0,40,134
26,0,61,87
24,0,100,124
99,0,41,140
34,0,11,45
11,0,42,53
96,0,39,135
9,0,81,90
35,0,48,83
44,0,20,64
34,0,76,110
58,0,82,140
93,0,21,114
67,0,54,121
91,0,60,151
44,0,85,129
68,0,91,159
60,0,95,155
3,0,61,64
5,0,22,27
36,0,39,75
78,0,2,80
13,0,15,28
43,0,1,44
41,0,40,81
63,0,26,89
69,0,82,151
93,0,88,181
46,0,58,104
28,0,25,53
52,0,31,83
76,0,44,120
61,0,3,64
59,0,42,101
85,0,9,94
23,0,46,69
45,0,91,136
56,0,24,80
80,0,30,110
6,0,78,84
78,0,69,147
39,0,56,95
92,0,85,177
37,0,12,49
22,0,5,27
20,0,44,64
29,0,16,45
53,0,22,75
63,0,93,156
48,0,86,134
30,0,53,83
28,0,92,120
70,0,55,125
58,0,23,81
92,0,100,192
61,0,70,131
55,0,48,103
53,0,87,140
86,0,65,151
38,0,3,41
80,0,97,177
96,0,19,115
91,0,66,157
40,0,29,69
38,0,68,106
62,0,74,136
73,0,7,80
97,0,13,110
95,0,52,147
71,0,46,117
13,0,21,34
64,0,87,151
25,0,10,35
8,0,42,50
17,0,7,24
41,0,20,61
69,0,88,157
93,0,94,187
12,0,54,66
45,0,32,77
16,0,90,106
40,0,96,136
73,0,74,147
97,0,80,177
50,0,50,100
80,0,36,116
78,0,75,153
63,0,34,97
13,0,88,101
48,0,27,75
88,0,29,117
15,0,6,21
49,0,83,132
25,0,77,102
82,0,61,143
10,0,70,80
65,0,93,158
63,0,99,162
77,0,34,111
48,0,92,140
15,0,71,86
81,0,70,151
24,0,36,60
72,0,55,127
62,0,15,77
56,0,97,153
57,0,79,136
81,0,85,166
66,0,51,117
9,0,17,26
90,0,57,147
88,0,96,184
95,0,58,153
9,0,82,91
2,0,58,60
44,0,21,65
42,0,60,102
66,0,66,132
75,0,38,113
27,0,53,80
99,0,44,143
60,0,31,91
17,0,13,30
96,0,92,188
65,0,32,97
68,0,79,147
98,0,10,108
12,0,34,46
45,0,12,57
67,0,57,124
73,0,80,153
97,0,86,183
74,0,62,136
1,0,39,40
10,0,11,21
44,0,88,132
68,0,94,162
5,0,75,80
25,0,83,108
82,0,67,149
17,0,80,97
59,0,43,102
83,0,49,132
65,0,99,164
52,0,19,71
41,0,93,134
92,0,21,113
61,0,4,65
76,0,32,108
98,0,77,175
77,0,14,91
14,0,62,76
52,0,84,136
19,0,63,82
85,0,62,147
4,0,22,26
76,0,47,123
29,0,17,46
84,0,40,124
90,0,63,153
4,0,87,91
37,0,65,102
61,0,71,132
85,0,77,162
70,0,43,113
94,0,49,143
20,0,97,117
92,0,88,180
77,0,81,158
75,0,44,119
99,0,50,149
58,0,76,134
3,0,3,6
91,0,54,145
70,0,58,128
34,0,20,54
31,0,45,76
29,0,84,113
64,0,23,87
86,0,68,154
34,0,85,119
21,0,5,26
69,0,24,93
67,0,63,130
93,0,30,123
91,0,69,160
100,0,41,141
16,0,26,42
44,0,94,138
54,0,48,102
87,0,26,113
14,0,3,17
12,0,42,54
78,0,11,89
13,0,24,37
98,0,83,181
14,0,68,82
47,0,46,93
87,0,41,128
13,0,89,102
93,0,97,190
63,0,35,98
45,0,85,130
48,0,28,76
46,0,67,113
69,0,91,160
15,0,7,22
81,0,6,87
18,0,54,72
16,0,93,109
79,0,45,124
1,0,86,87
86,0,7,93
23,0,55,78
84,0,46,130
45,0,100,145
89,0,54,143
56,0,33,89
80,0,39,119
78,0,78,156
6,0,87,93
33,0,9,42
15,0,59,74
39,0,65,104
88,0,32,120
94,0,55,149
92,0,94,186
77,0,87,164
89,0,69,158
26,0,50,76
24,0,89,113
48,0,95,143
15,0,74,89
81,0,73,154
29,0,90,119
53,0,96,149
62,0,68,130
86,0,74,160
97,0,7,104
2,0,59,61
56,0,100,156
11,0,31,42
35,0,37,72
33,0,76,109
96,0,28,124
9,0,70,79
68,0,15,83
90,0,60,150
67,0,69,136
100,0,47,147
38,0,77,115
73,0,16,89
97,0,22,119
95,0,61,156
71,0,55,126
3,0,50,53
40,0,90,130
64,0,96,160
25,0,19,44
82,0,3,85
8,0,51,59
32,0,57,89
10,0,12,22
96,0,95,191
41,0,29,70
65,0,35,100
98,0,13,111
69,0,97,166
46,0,73,119
18,0,60,78
79,0,51,130
16,0,99,115
49,0,77,126
17,0,81,98
73,0,83,156
1,0,92,93
52,0,20,72
50,0,59,109
83,0,37,120
87,0,99,186
56,0,39,95
78,0,84,162
39,0,71,110
72,0,49,121
88,0,38,126
25,0,86,111
4,0,23,27
10,0,79,89
37,0,1,38
43,0,57,100
20,0,33,53
81,0,79,160
72,0,64,136
33,0,17,50
30,0,42,72
28,0,81,109
52,0,87,139
58,0,12,70
19,0,66,85
35,0,43,78
33,0,82,115
57,0,88,145
68,0,21,89
66,0,60,126
90,0,66,156
51,0,53,104
4,0,90,94
34,0,21,55
37,0,68,105
22,0,61,83
71,0,61,132
44,0,30,74
42,0,69,111
66,0,75,141
75,0,47,122
3,0,56,59
51,0,68,119
99,0,53,152
27,0,62,89
36,0,34,70
60,0,40,100
58,0,79,137
17,0,22,39
65,0,41,106
68,0,88,156
98,0,19,117
14,0,4,18
12,0,43,55
36,0,49,85
34,0,88,122
45,0,21,66
69,0,27,96
67,0,66,133
73,0,89,162
50,0,65,115
85,0,4,89
83,0,43,126
44,0,97,141
21,0,73,94
5,0,84,89
54,0,51,105
39,0,1,40
82,0,76,158
43,0,63,106
59,0,52,111
92,0,30,122
76,0,41,117
98,0,86,184
77,0,23,100
14,0,71,85
47,0,49,96
24,0,25,49
28,0,87,115
52,0,93,145
61,0,65,126
4,0,31,35
85,0,71,156
76,0,56,132
29,0,26,55
22,0,2,24
62,0,4,66
86,0,10,96
84,0,49,133
90,0,72,162
6,0,90,96
37,0,74,111
61,0,80,141
67,0,5,72
70,0,52,122
22,0,67,89
92,0,97,189
94,0,58,152
55,0,45,100
53,0,84,137
77,0,90,167
38,0,13,51
26,0,53,79
75,0,53,128
60,0,46,106
58,0,85,143
93,0,24,117
91,0,63,154
7,0,48,55
31,0,54,85
55,0,60,115
29,0,93,122
40,0,26,66
64,0,32,96
62,0,71,133
21,0,14,35
45,0,27,72
69,0,33,102
67,0,72,139
91,0,78,169
78,0,5,83
46,0,9,55
100,0,50,150
16,0,35,51
40,0,41,81
49,0,13,62
1,0,28,29
73,0,19,92
54,0,57,111
87,0,35,122
93,0,91,184
78,0,20,98
39,0,7,46
41,0,32,73
14,0,77,91
47,0,55,102
45,0,94,139
69,0,100,169
63,0,44,107
80,0,33,113
48,0,37,85
24,0,31,55
46,0,76,122
57,0,9,66
81,0,15,96
79,0,54,133
18,0,63,81
1,0,95,96
84,0,55,139
89,0,63,152
56,0,42,98
6,0,96,102
9,0,12,21
33,0,18,51
15,0,68,83
39,0,74,113
57,0,24,81
90,0,2,92
88,0,41,129
72,0,52,124
94,0,64,158
53,0,90,143
77,0,96,173
26,0,59,85
24,0,98,122
15,0,83,98
81,0,82,163
42,0,5,47
58,0,15,73
29,0,99,128
38,0,71,109
64,0,38,102
86,0,83,169
62,0,77,139
97,0,16,113
95,0,55,150
11,0,40,51
96,0,37,133
35,0,46,81
33,0,85,118
9,0,79,88
44,0,18,62
68,0,24,92
66,0,63,129
51,0,56,107
16,0,41,57
49,0,19,68
73,0,25,98
71,0,64,135
50,0,1,51
32,0,51,83
65,0,29,94
5,0,20,25
3,0,59,62
40,0,99,139
17,0,75,92
97,0,83,180
82,0,12,94
8,0,60,68
74,0,59,133
41,0,38,79
65,0,44,109
98,0,22,120
81,0,21,102
18,0,69,87
79,0,60,139
25,0,80,105
49,0,86,135
28,0,23,51
10,0,73,83
52,0,29,81
50,0,68,118
61,0,1,62
59,0,40,99
83,0,46,129
85,0,7,92
5,0,87,92
39,0,80,119
66,0,2,68
88,0,47,135
72,0,58,130
25,0,95,120
10,0,88,98
37,0,10,47
19,0,60,79
61,0,16,77
43,0,66,109
22,0,3,25
20,0,42,62
53,0,20,73
77,0,26,103
57,0,82,139
81,0,88,169
4,0,84,88
28,0,90,118
34,0,15,49
58,0,21,79
52,0,96,148
30,0,51,81
62,0,7,69
9,0,85,94
96,0,43,139
33,0,91,124
44,0,24,68
42,0,63,105
66,0,69,135
68,0,30,98
90,0,75,165
27,0,56,83
99,0,47,146
4,0,99,103
51,0,62,113
37,0,77,114
67,0,8,75
22,0,70,92
42,0,78,120
5,0,26,31
75,0,56,131
3,0,65,68
27,0,71,98
36,0,43,79
60,0,49,109
58,0,88,146
34,0,82,116
13,0,19,32
93,0,27,120
7,0,51,58
74,0,65,139
41,0,44,85
44,0,91,135
68,0,97,165
98,0,28,126
21,0,67,88
14,0,13,27
12,0,52,64
93,0,92,185
45,0,30,75
6,0,17,23
46,0,12,58
78,0,8,86
59,0,46,105
83,0,52,135
85,0,13,98
92,0,24,116
21,0,82,103
5,0,93,98
14,0,65,79
54,0,60,114
78,0,73,151
87,0,38,125
13,0,86,99
6,0,32,38
15,0,4,19
39,0,10,49
43,0,72,115
76,0,50,126
20,0,48,68
92,0,39,131
53,0,26,79
77,0,32,109
14,0,80,94
86,0,4,90
23,0,52,75
47,0,58,105
24,0,34,58
57,0,12,69
30,0,57,87
28,0,96,124
61,0,74,135
85,0,80,165
91,0,5,96
29,0,35,64
38,0,7,45
62,0,13,75
86,0,19,105
9,0,15,24
37,0,83,120
70,0,61,131
22,0,76,98
31,0,48,79
29,0,87,116
55,0,54,109
53,0,93,146
2,0,56,58
26,0,62,88
58,0,94,152
93,0,33,126
7,0,57,64
31,0,63,94
16,0,29,45
40,0,35,75
38,0,74,112
62,0,80,142
64,0,41,105
17,0,11,28
97,0,19,116
11,0,43,54
45,0,36,81
67,0,81,148
78,0,14,92
100,0,59,159
18,0,5,23
97,0,84,181
16,0,44,60
25,0,16,41
49,0,22,71
1,0,37,38
10,0,9,19
32,0,54,86
89,0,5,94
63,0,38,101
13,0,92,105
87,0,44,131
48,0,31,79
46,0,70,116
15,0,10,25
39,0,16,55
81,0,9,90
82,0,65,147
17,0,78,95
10,0,24,34
43,0,2,45
47,0,64,111
80,0,42,122
78,0,81,159
46,0,85,131
24,0,40,64
57,0,18,75
81,0,24,105
79,0,63,142
4,0,20,24
28,0,26,54
89,0,72,161
56,0,51,107
48,0,98,146
9,0,21,30
33,0,27,60
15,0,77,92
39,0,83,122
66,0,5,71
72,0,61,133
2,0,62,64
26,0,68,94
35,0,40,75
96,0,31,127
57,0,85,142
99,0,48,147
3,0,1,4
27,0,7,34
34,0,18,52
64,0,47,111
62,0,86,148
97,0,25,122
95,0,64,159
74,0,1,75
11,0,49,60
9,0,88,97
35,0,55,90
96,0,46,142
44,0,27,71
42,0,66,108
68,0,33,101
21,0,3,24
5,0,14,19
27,0,59,86
51,0,65,116
25,0,22,47
49,0,28,77
82,0,6,88
8,0,54,62
32,0,60,92
65,0,38,103
5,0,29,34
3,0,68,71
14,0,1,15
36,0,46,82
13,0,22,35
17,0,84,101
97,0,92,189
52,0,23,75
50,0,62,112
74,0,68,142
19,0,2,21
43,0,8,51
41,0,47,88
21,0,70,91
79,0,69,148
49,0,95,144
4,0,26,30
28,0,32,60
10,0,82,92
82,0,73,155
50,0,77,127
37,0,4,41
61,0,10,71
59,0,49,108
85,0,16,101
20,0,36,56
66,0,11,77
30,0,45,75
52,0,90,142
37,0,19,56
19,0,69,88
92,0,92,184
22,0,12,34
20,0,51,71
29,0,23,52
53,0,29,82
81,0,97,178
4,0,93,97
28,0,99,127
34,0,24,58
58,0,30,88
30,0,60,90
61,0,77,138
67,0,2,69
91,0,8,99
38,0,10,48
68,0,39,107
66,0,78,144
99,0,56,155
51,0,71,122
3,0,74,77
14,0,7,21
12,0,46,58
36,0,52,88
60,0,58,118
34,0,91,125
13,0,28,41
93,0,36,129
69,0,30,99
46,0,6,52
64,0,94,158
17,0,14,31
98,0,37,135
21,0,76,97
54,0,54,108
45,0,39,84
78,0,17,95
6,0,26,32
16,0,97,113
39,0,4,43
83,0,61,144
14,0,74,88
80,0,43,123
78,0,82,160
63,0,41,104
89,0,8,97
13,0,95,108
48,0,34,82
15,0,13,28
70,0,3,73
29,0,29,58
53,0,35,88
77,0,41,118
86,0,13,99
23,0,61,84
84,0,52,136
26,0,4,30
24,0,43,67
6,0,93,99
57,0,21,78
85,0,89,174
38,0,16,54
62,0,22,84
9,0,24,33
42,0,2,44
70,0,70,140
100,0,1,101
31,0,57,88
55,0,63,118
95,0,65,160
86,0,80,166
2,0,65,67
7,0,66,73
16,0,38,54
40,0,44,84
38,0,83,121
82,0,7,89
73,0,22,95
96,0,99,195
17,0,20,37
65,0,39,104
1,0,31,32
74,0,4,78
68,0,86,154
98,0,17,115
21,0,6,27
73,0,87,160
97,0,93,190
79,0,5,84
25,0,25,50
1,0,46,47
10,0,18,28
8,0,57,65
87,0,53,140
15,0,19,34
25,0,90,115
18,0,66,84
82,0,74,156
72,0,3,75
17,0,87,104
41,0,100,141
52,0,26,78
19,0,5,24
98,0,84,182
33,0,21,54
57,0,27,84
81,0,33,114
90,0,5,95
52,0,91,143
88,0,44,132
19,0,70,89
85,0,69,154
4,0,29,33
10,0,85,95
90,0,70,160
9,0,30,39
15,0,86,101
42,0,8,50
66,0,14,80
4,0,94,98
37,0,72,109
51,0,7,58
27,0,1,28
70,0,50,120
2,0,71,73
26,0,77,103
35,0,49,84
33,0,88,121
99,0,57,156
3,0,10,13
91,0,61,152
34,0,27,61
50,0,4,54
74,0,10,84
11,0,58,69
9,0,97,106
44,0,36,80
34,0,92,126
5,0,23,28
3,0,62,65
27,0,68,95
69,0,31,100
67,0,70,137
21,0,12,33
100,0,48,148
32,0,69,101
5,0,38,43
14,0,10,24
93,0,89,182
12,0,49,61
13,0,31,44
17,0,93,110
52,0,32,84
74,0,77,151
19,0,11,30
98,0,90,188
14,0,75,89
21,0,79,100
47,0,53,100
45,0,92,137
69,0,98,167
80,0,31,111
6,0,29,35
4,0,35,39
28,0,41,69
37,0,13,50
61,0,19,80
59,0,58,117
22,0,6,28
92,0,36,128
20,0,45,65
86,0,14,100
84,0,53,137
89,0,61,150
77,0,29,106
56,0,40,96
15,0,66,81
39,0,72,111
94,0,62,156
19,0,78,97
77,0,94,171
29,0,32,61
24,0,96,120
2,0,1,3
30,0,69,99
34,0,33,67
37,0,80,117
91,0,17,108
29,0,97,126
22,0,73,95
62,0,75,137
86,0,81,167
7,0,2,9
95,0,53,148
21,0,18,39
100,0,54,154
38,0,84,122
31,0,60,91
73,0,23,96
71,0,62,133
36,0,61,97
69,0,39,108
13,0,37,50
40,0,97,137
46,0,15,61
18,0,2,20
74,0,57,131
1,0,34,35
21,0,85,106
54,0,63,117
23,0,3,26
89,0,2,91
18,0,67,85
6,0,35,41
49,0,84,133
73,0,90,163
39,0,13,52
1,0,99,100
56,0,46,102
78,0,91,169
39,0,78,117
24,0,37,61
48,0,43,91
90,0,6,96
88,0,45,133
72,0,56,128
19,0,58,77
53,0,44,97
2,0,7,9
81,0,86,167
33,0,24,57
58,0,19,77
38,0,25,63
35,0,50,85
33,0,89,122
57,0,95,152
71,0,3,74
26,0,65,91
68,0,28,96
66,0,67,133
90,0,73,163
51,0,60,111
71,0,68,139
32,0,5,37
42,0,76,118
3,0,63,66
75,0,54,129
36,0,41,77
34,0,80,114
58,0,86,144
60,0,47,107
93,0,25,118
97,0,87,184
40,0,53,93
17,0,29,46
44,0,89,133
68,0,95,163
50,0,7,57
98,0,26,124
49,0,90,139
73,0,96,169
82,0,68,150
50,0,72,122
25,0,34,59
83,0,50,133
65,0,100,165
8,0,66,74
10,0,27,37
43,0,5,48
5,0,91,96
82,0,83,165
43,0,70,113
59,0,59,118
28,0,29,57
52,0,35,87
76,0,48,124
92,0,37,129
98,0,93,191
77,0,30,107
57,0,36,93
90,0,14,104
52,0,100,152
61,0,72,133
85,0,78,163
4,0,38,42
76,0,63,139
37,0,16,53
22,0,9,31
42,0,17,59
3,0,4,7
27,0,10,37
61,0,87,148
37,0,81,118
70,0,59,129
22,0,74,96
58,0,27,85
94,0,65,159
55,0,52,107
53,0,91,144
77,0,97,174
75,0,60,135
60,0,53,113
58,0,92,150
93,0,31,124
91,0,70,161
7,0,55,62
40,0,33,73
62,0,78,140
5,0,32,37
21,0,21,42
45,0,34,79
69,0,40,109
67,0,79,146
91,0,85,176
78,0,12,90
100,0,57,157
54,0,64,118
89,0,3,92
87,0,42,129
14,0,19,33
93,0,98,191
78,0,27,105
39,0,14,53
98,0,99,197
63,0,51,114
47,0,62,109
24,0,38,62
78,0,79,157
46,0,83,129
80,0,40,120
57,0,16,73
81,0,22,103
79,0,61,140
85,0,84,169
84,0,62,146
89,0,70,159
56,0,49,105
9,0,19,28
15,0,75,90
39,0,81,120
26,0,1,27
72,0,59,131
70,0,65,135
94,0,71,165
53,0,97,150
86,0,75,161
31,0,2,33
71,0,4,75
29,0,41,70
26,0,66,92
57,0,83,140
81,0,89,170
64,0,45,109
62,0,84,146
86,0,90,176
97,0,23,120
95,0,62,157
71,0,56,127
11,0,47,58
9,0,86,95
96,0,44,140
44,0,25,69
100,0,63,163
49,0,26,75
73,0,32,105
71,0,71,142
82,0,4,86
32,0,58,90
65,0,36,101
46,0,24,70
79,0,2,81
97,0,90,187
8,0,67,75
50,0,60,110
74,0,66,140
43,0,6,49
41,0,45,86
98,0,29,127
80,0,46,126
78,0,85,163
18,0,76,94
6,0,44,50
79,0,67,146
25,0,87,112
49,0,93,142
73,0,99,172
28,0,30,58
10,0,80,90
61,0,8,69
59,0,47,106
83,0,53,136
89,0,76,165
39,0,87,126
26,0,7,33
66,0,9,75
88,0,54,142
72,0,65,137
10,0,95,105
19,0,67,86
43,0,73,116
76,0,51,127
2,0,16,18
81,0,95,176
9,0,27,36
